pre.1	pre.2	pre.3	post.1	post.2	post.3
575	179	335	505	172	204
294	245	256	396	390	265
293	282	320	372	240	204
303	282	250	307	243	227
396	271	171	327	216	103
238	261	271	245	234	215
129	273	176	240	317	226
116	228	160	222	317	225
224	204	186	206	227	213
187	110	178	198	199	303
192	178	206	259	155	125
246	157	129	251	175	105
176	129	131	199	213	210
190	207	104	234	163	130
200	199	94	220	148	155
202	145	139	153	175	183
202	135	128	156	176	185
114	174	103	131	216	193
151	159	129	174	173	138
188	156	127	142	152	158
112	133	160	131	157	160
116	147	118	211	177	68
153	155	104	147	150	118
158	101	185	101	125	147
133	156	130	141	115	95
192	129	82	158	104	58
126	112	95	158	89	135
164	101	79	130	126	114
101	118	114	135	135	86
89	135	126	99	115	96
95	86	81	104	120	112
147	101	83	113	91	61
83	95	92	101	99	98
86	61	80	85	90	161
166	41	106	101	76	57
80	103	84	93	96	81
79	59	103	81	85	106
69	84	116	81	45	107
50	88	62	75	119	107
72	96	68	101	90	55
57	85	88	72	88	89
73	82	103	74	69	72
76	59	73	101	82	75
55	70	94	86	65	94
60	88	68	68	87	82
77	73	63	72	91	71
41	65	98	86	71	85
13	190	67	27	76	73
29	127	75	87	85	41
94	46	66	73	66	98
74	76	72	73	71	73
72	80	64	62	82	74
76	59	55	69	84	75
75	90	72	69	59	53
53	50	88	78	57	87
35	82	58	89	43	102
69	44	77	83	51	58
70	57	55	64	71	64
41	60	85	69	57	67
11	26	45	76	102	113
16	99	87	10	83	77
47	49	64	83	62	62
65	48	73	60	56	64
64	62	55	61	49	73
56	52	57	62	66	68
51	77	50	61	60	59
0	69	66	78	89	52
59	72	43	60	78	40
54	59	47	66	62	63
54	91	45	89	53	18
36	60	66	62	70	52
46	78	35	65	82	37
60	66	38	61	59	58
41	69	63	55	61	49
69	34	62	76	42	54
54	77	48	59	64	35
53	57	43	52	64	58
67	54	42	58	49	54
59	54	46	60	54	49
70	58	38	51	74	31
48	57	53	54	55	54
45	63	63	53	43	54
79	26	71	30	65	50
71	36	78	32	48	55
47	31	64	48	54	70
69	33	63	15	75	58
10	82	56	97	46	19
47	39	45	53	59	63
41	62	33	47	62	55
53	47	38	57	54	39
33	62	41	47	55	49
0	104	11	27	131	12
45	39	41	54	45	59
40	38	46	48	59	48
68	27	20	70	56	36
58	45	35	43	48	47
49	39	39	51	52	45
58	50	43	29	45	48
61	54	26	48	59	20
62	30	39	38	45	53
45	36	36	49	49	49
0	59	57	45	64	38
49	34	41	47	48	43
45	36	34	47	49	46
43	37	30	60	50	36
37	42	47	37	42	48
85	29	30	48	25	35
48	34	31	56	39	41
47	32	32	44	52	40
40	43	37	34	45	48
16	39	57	42	36	55
42	36	31	60	38	37
26	43	45	31	50	49
35	47	51	36	29	45
43	43	40	44	38	34
39	34	32	46	44	43
39	50	23	45	49	30
32	26	28	46	48	50
38	57	26	44	41	22
4	75	48	26	58	12
47	37	28	32	43	35
19	31	37	56	25	49
15	44	40	25	49	44
38	32	33	42	32	40
39	32	36	34	34	42
0	31	42	51	41	48
43	33	36	50	22	29
0	64	41	0	57	50
8	53	32	28	52	38
26	44	36	39	36	30
4	65	45	19	39	39
44	41	16	31	44	33
6	43	57	32	33	37
47	33	38	30	28	31
22	16	39	55	41	33
29	31	39	36	27	43
32	32	37	45	32	27
24	33	19	36	58	33
40	27	27	34	36	38
19	47	35	41	35	24
28	22	28	45	36	41
98	22	9	45	16	9
0	89	14	0	79	15
27	25	34	37	35	37
40	33	32	24	37	29
30	24	33	30	33	44
41	32	17	27	48	29
9	51	31	17	60	26
38	6	52	43	13	42
34	20	52	37	22	28
33	22	26	44	30	37
43	33	20	27	39	30
42	22	27	31	32	36
28	33	34	36	29	30
33	24	18	42	40	32
8	23	58	30	26	44
28	39	29	39	30	24
42	42	34	29	18	24
29	26	24	34	35	39
36	38	17	31	42	23
29	31	36	29	29	33
30	30	27	37	36	26
41	38	14	37	40	16
27	49	33	28	23	26
33	26	13	42	42	29
31	14	34	40	28	38
28	42	21	29	46	17
57	14	22	30	26	34
29	26	21	41	41	24
16	36	30	36	31	33
24	36	25	38	36	22
40	21	24	41	27	27
29	33	24	35	26	33
21	37	40	29	25	28
29	29	32	28	30	31
13	54	21	19	40	28
42	47	8	25	28	25
30	26	27	35	32	24
22	40	35	25	26	26
45	32	21	37	30	9
29	43	17	30	35	19
94	5	17	36	3	18
38	33	13	30	35	22
23	26	30	28	24	39
32	25	32	31	30	20
26	29	21	29	34	29
31	24	21	33	34	24
37	26	35	19	28	22
22	33	24	30	31	25
45	24	19	37	20	20
6	24	59	12	27	37
25	26	26	28	26	32
24	33	28	21	31	26
9	25	25	37	34	31
25	31	17	23	35	29
38	27	11	25	34	25
4	30	19	26	43	37
24	21	29	26	30	29
29	20	29	27	25	29
26	26	31	25	27	23
22	23	19	36	30	27
8	28	29	33	37	22
20	23	27	22	31	34
22	6	47	34	7	41
23	30	24	26	27	27
40	23	15	25	24	30
31	29	27	24	28	17
31	34	23	28	26	14
18	14	28	19	16	60
18	46	4	32	36	18
24	29	19	26	29	26
32	24	19	28	26	24
19	14	59	15	14	32
21	26	24	24	29	28
25	22	26	20	26	33
4	33	37	32	24	22
24	28	29	26	24	21
6	21	41	15	32	35
24	29	17	26	21	33
26	27	31	15	20	31
23	27	19	31	21	28
0	24	52	13	19	41
22	22	26	18	31	29
31	22	13	32	24	25
19	32	18	30	26	22
27	24	24	22	27	23
25	32	18	21	33	18
17	29	16	29	25	30
18	27	29	24	22	26
42	40	8	16	28	12
22	17	16	20	34	35
15	20	28	20	25	36
29	21	15	24	31	24
12	26	32	24	21	29
23	26	21	22	26	26
19	30	24	16	26	29
35	25	20	18	27	19
16	25	16	32	30	24
22	20	22	26	24	29
29	21	16	37	19	21
23	18	21	26	26	28
16	26	24	22	26	28
23	25	23	19	26	26
29	21	21	24	24	23
23	27	24	27	23	18
15	44	23	12	35	13
20	30	27	15	27	22
12	17	28	24	24	35
30	25	21	24	21	19
17	30	23	27	28	14
31	29	16	24	23	16
6	25	24	35	28	20
22	24	19	26	20	27
24	19	25	24	22	24
13	15	42	25	15	28
56	14	4	27	29	8
32	15	29	13	28	21
20	17	13	32	28	27
23	19	21	25	23	26
28	21	18	27	24	19
19	25	28	12	30	22
36	24	13	31	26	6
19	24	16	18	30	28
25	23	16	20	30	21
22	3	22	43	20	24
19	24	21	21	23	26
16	31	17	26	27	17
21	18	28	24	21	22
29	21	13	21	19	30
18	32	14	18	35	16
21	29	19	19	28	17
12	40	19	12	42	8
19	20	22	30	22	19
47	6	13	29	15	22
18	12	15	26	28	32
23	15	17	31	25	20
13	31	19	13	30	25
22	20	22	21	23	23
22	23	21	19	26	20
27	21	24	21	17	20
25	31	10	20	29	14
23	17	12	30	28	18
31	20	17	20	21	19
22	18	18	25	22	22
19	0	44	21	4	39
20	28	18	20	24	17
31	22	18	19	18	19
21	19	16	18	27	25
27	19	14	20	23	23
19	28	21	18	17	23
26	32	16	18	23	11
26	28	22	17	19	14
22	16	38	21	14	13
26	11	16	23	21	26
25	17	13	15	22	31
8	15	14	17	46	22
19	22	17	22	23	19
25	18	18	26	19	16
23	19	27	11	21	21
25	18	16	20	23	19
11	33	19	21	23	14
27	12	11	35	18	17
16	19	20	17	29	19
24	13	18	31	18	16
6	31	24	11	21	27
21	20	21	17	21	20
14	27	19	18	21	20
19	25	22	18	22	13
11	16	28	14	26	23
19	16	22	22	18	21
17	23	21	17	21	19
12	36	15	15	28	12
7	18	14	18	43	17
19	13	17	17	21	30
23	16	17	21	20	20
19	18	26	13	18	23
21	26	20	19	18	13
8	13	40	14	15	26
19	30	16	18	26	7
25	18	24	18	8	23
20	16	21	15	19	24
30	26	10	28	16	5
9	17	22	18	15	33
13	20	19	17	21	24
19	20	15	23	21	16
20	18	21	18	19	18
18	17	29	12	16	22
30	8	26	6	24	20
20	15	19	22	18	19
12	27	23	21	17	13
14	30	27	8	21	13
16	25	14	15	29	13
17	17	23	21	18	16
15	27	22	19	20	9
18	16	12	21	23	21
16	17	15	26	20	17
18	20	19	20	19	15
10	21	33	13	13	21
23	8	15	17	17	30
17	24	17	15	24	13
17	16	27	21	18	11
0	15	28	15	24	27
13	20	16	25	19	16
23	9	19	19	17	22
30	16	10	26	17	10
9	15	14	24	22	23
20	15	15	21	16	20
16	10	25	13	17	26
12	16	18	21	14	25
23	18	17	15	17	16
28	12	22	10	27	7
0	14	52	0	19	21
23	14	14	17	20	17
16	10	26	20	15	18
20	18	22	16	19	10
0	57	8	9	26	4
10	25	11	25	21	11
17	13	18	17	19	19
17	21	11	21	15	18
21	16	12	18	18	18
19	22	8	19	22	12
22	8	20	21	13	18
21	13	18	17	17	16
16	22	16	12	20	16
23	15	17	17	13	17
33	38	3	6	18	4
16	14	18	15	20	18
15	16	19	18	16	17
21	14	18	21	13	14
15	23	17	19	19	8
22	15	19	16	15	14
17	14	7	32	17	13
15	15	15	16	20	19
12	19	16	25	13	15
19	15	16	21	14	15
16	21	16	18	18	11
11	21	25	11	13	19
8	37	14	9	25	7
12	21	12	15	20	19
19	16	11	19	19	15
20	18	11	17	20	13
10	20	21	14	19	15
86	2	8	0	3	0
0	3	0	0	95	0
26	3	9	23	12	25
19	17	13	21	16	12
6	22	22	8	22	18
3	16	22	19	18	19
15	17	9	21	19	16
7	17	21	16	16	20
19	16	12	18	16	16
19	15	15	16	13	19
25	14	11	16	15	16
11	21	19	18	18	10
23	15	13	15	16	15
9	20	23	13	17	15
0	34	20	6	16	21
12	21	22	16	12	14
7	24	8	17	26	14
20	13	12	14	19	18
17	17	15	18	14	15
15	13	12	22	20	13
17	17	14	16	14	17
12	14	23	18	14	14
12	23	20	14	14	12
29	26	13	20	7	0
10	5	22	13	17	27
17	11	11	15	24	16
15	12	15	17	16	19
27	16	13	18	12	8
6	18	14	23	20	12
14	12	16	12	15	24
17	12	16	14	16	18
13	16	12	14	17	20
11	14	20	13	17	17
14	16	16	18	10	18
21	22	11	4	28	6
12	12	7	20	16	24
9	15	15	15	16	21
5	14	20	22	13	17
17	19	9	17	16	13
16	15	12	20	11	16
2	33	9	6	37	3
3	33	9	8	32	5
12	14	20	16	15	13
18	17	12	11	16	16
15	14	19	13	12	17
19	22	8	14	21	6
18	7	26	15	6	18
12	16	13	12	13	23
15	14	14	14	15	17
20	11	12	14	16	16
19	13	12	25	11	9
15	13	20	10	13	18
19	16	15	24	9	6
11	12	12	20	18	15
6	27	11	11	22	11
15	6	26	11	11	19
17	9	16	18	13	14
22	13	12	19	10	11
14	13	11	15	16	17
14	14	12	11	18	17
19	14	10	17	14	12
13	13	20	11	14	15
20	14	15	12	13	12
7	18	25	17	8	11
5	12	6	18	21	23
15	8	10	12	20	20
8	16	16	11	19	15
14	16	14	14	14	13
10	18	17	17	16	7
9	17	20	12	14	13
11	20	15	11	24	4
14	18	16	15	14	8
6	22	11	10	22	13
11	16	13	20	14	10
17	12	11	19	12	13
10	17	14	10	16	17
13	13	15	12	17	14
15	17	11	17	11	13
9	12	13	30	7	12
14	13	11	13	15	17
13	14	14	15	14	13
16	12	15	13	12	15
15	13	15	15	18	7
14	16	14	13	14	12
14	7	18	7	28	8
16	12	14	22	9	9
13	16	15	12	13	13
18	14	12	14	13	11
6	17	9	15	23	11
9	11	14	9	12	26
11	13	13	16	14	14
12	16	10	14	14	15
7	14	19	14	13	14
7	17	18	14	15	10
14	16	12	12	12	15
16	10	16	12	16	11
0	12	17	14	13	24
19	12	5	13	20	11
18	7	12	19	10	14
13	13	13	11	13	17
13	13	13	14	14	13
12	14	15	13	12	14
13	14	8	17	12	15
15	13	10	14	15	12
10	14	15	13	13	14
13	16	10	12	16	12
13	12	15	13	12	14
18	13	11	17	11	9
5	17	21	8	12	16
13	7	12	10	16	20
2	19	12	12	20	13
8	26	0	16	28	0
13	10	12	16	10	17
9	10	20	9	10	20
4	19	16	9	17	13
16	9	16	10	11	16
10	16	15	17	8	12
13	16	14	12	14	9
15	6	12	12	10	22
15	9	12	12	11	18
2	15	20	9	13	18
6	13	18	8	16	16
15	12	10	18	12	10
10	8	20	16	8	15
13	10	15	13	11	15
9	14	16	16	14	8
9	16	16	18	10	8
19	19	3	12	14	10
25	0	19	29	0	4
18	9	12	15	8	14
9	20	14	18	9	6
6	12	8	10	28	11
0	22	10	24	16	3
9	12	12	11	18	13
8	10	17	16	10	14
12	12	11	10	13	17
6	17	13	7	16	16
19	6	11	19	12	8
9	20	8	11	19	8
5	11	16	9	13	20
14	12	7	15	13	13
14	9	12	11	11	17
13	13	9	12	16	11
8	14	15	10	15	12
14	13	11	10	13	13
12	14	13	16	11	8
20	12	8	11	14	9
15	15	11	13	15	5
9	11	8	22	10	13
13	10	10	16	12	12
18	8	8	13	16	10
10	10	16	11	10	16
18	5	14	12	6	18
8	14	16	11	14	10
14	10	14	11	13	11
12	15	11	15	14	6
14	6	6	10	18	18
7	11	13	23	8	10
10	14	7	19	14	8
10	10	12	14	12	14
4	12	18	10	14	14
8	13	13	17	11	10
4	18	13	4	20	13
9	14	14	8	12	15
13	17	11	10	11	10
0	14	13	23	8	13
12	6	11	15	12	15
10	9	14	12	12	14
8	15	13	8	15	12
15	15	7	11	14	9
19	15	11	13	7	6
4	18	26	10	9	4
11	9	9	12	13	16
13	10	7	13	9	18
0	14	19	6	13	18
10	17	6	11	16	10
12	22	0	18	18	0
8	9	18	11	12	12
13	10	15	11	10	11
15	13	11	9	10	12
15	11	14	10	7	13
14	15	11	13	10	7
12	13	16	10	12	7
26	9	6	13	6	10
14	6	11	12	11	15
9	11	12	15	12	10
15	13	14	7	11	9
10	21	12	7	11	8
11	11	7	11	15	13
4	11	17	21	8	7
9	10	15	11	11	12
12	10	12	13	5	16
9	14	11	12	11	11
13	17	4	14	16	4
8	14	13	8	11	14
15	15	7	10	13	8
15	16	8	12	10	7
0	17	4	15	29	2
9	7	11	13	11	16
13	7	9	16	10	12
0	12	18	11	9	17
13	11	8	12	11	12
15	11	11	10	7	13
14	7	6	14	12	13
6	6	17	7	9	21
14	7	9	12	11	13
12	5	14	4	13	18
6	13	12	7	13	15
14	7	11	10	10	14
8	12	13	10	10	13
8	13	12	11	9	13
14	7	14	13	11	7
7	17	12	5	15	10
20	2	14	9	9	12
21	17	5	20	3	0
17	0	10	10	11	17
9	9	12	9	13	13
10	13	7	10	14	11
15	11	5	12	10	12
11	13	8	11	13	9
12	13	9	8	12	11
9	12	15	10	12	7
27	8	7	7	11	5
9	5	5	19	13	13
8	9	8	14	14	11
8	9	10	11	15	11
11	7	12	10	14	10
21	7	11	9	7	9
14	6	2	7	17	17
8	9	7	14	12	13
10	5	14	11	12	11
7	17	8	10	12	9
8	10	16	10	7	12
13	11	11	11	8	9
18	12	5	9	10	9
7	6	23	13	7	7
0	28	9	3	16	7
20	14	3	4	12	10
9	0	15	12	8	18
10	9	5	17	7	14
24	0	0	38	0	0
10	15	4	13	12	8
10	15	6	12	12	7
3	18	11	11	9	10
10	11	13	9	8	11
7	18	9	10	12	6
11	8	16	7	7	13
5	12	7	6	17	14
3	13	14	8	14	9
0	18	12	10	15	6
10	8	12	11	10	10
9	12	15	8	8	9
10	20	7	3	12	9
9	8	9	8	10	16
11	10	7	8	14	10
6	15	8	7	14	10
8	10	11	11	11	9
11	10	8	9	10	12
9	9	12	12	9	9
12	12	6	7	11	12
13	11	6	5	16	9
11	10	10	9	10	10
11	10	11	10	9	9
9	15	8	11	9	8
15	12	6	12	6	9
6	0	0	15	38	0
2	12	12	11	12	10
6	7	14	8	6	18
9	5	13	12	5	15
10	13	4	13	8	11
8	12	8	13	12	6
8	14	7	12	10	8
18	7	5	13	7	9
8	15	9	13	8	6
11	7	15	9	6	11
14	12	7	10	12	4
11	20	7	11	10	0
7	5	11	9	10	16
6	4	15	11	7	15
4	9	14	9	8	14
8	11	13	6	9	11
17	10	5	8	9	9
8	12	13	8	8	9
10	8	21	7	5	7
10	0	15	11	3	18
11	7	7	9	11	12
9	8	10	7	13	10
10	9	8	13	7	10
9	10	9	10	9	10
9	10	10	8	10	10
10	9	11	9	9	9
11	10	9	10	9	8
10	20	0	7	12	8
17	4	9	13	6	8
8	10	13	14	6	6
8	16	7	11	11	4
5	14	14	5	8	11
5	16	12	9	11	4
11	10	13	8	7	8
0	7	10	12	15	12
8	8	3	8	15	14
0	11	13	7	14	11
8	9	7	9	14	9
3	2	20	8	8	15
9	4	12	7	9	15
8	8	9	10	12	9
6	10	10	6	11	13
7	11	10	10	9	9
6	13	10	8	10	9
7	15	7	11	9	7
11	9	9	10	9	8
9	7	15	7	11	7
10	10	11	8	8	9
2	7	9	12	10	15
7	5	10	11	10	12
8	7	7	12	15	6
10	7	7	10	14	7
13	7	7	10	9	9
8	10	10	9	6	12
5	16	10	12	5	7
0	0	39	0	0	16
10	6	4	10	14	10
9	7	6	10	9	13
11	7	4	7	13	12
2	8	13	8	13	10
7	9	8	8	11	11
9	8	7	13	8	9
6	7	12	6	11	12
6	12	7	4	13	12
4	11	11	13	9	6
7	12	8	9	11	7
14	8	6	9	8	9
9	8	12	10	8	7
10	11	9	9	6	9
17	6	7	7	8	9
18	10	5	14	7	0
8	9	17	6	8	6
5	11	7	11	11	8
19	6	0	22	6	0
11	7	8	11	7	9
11	11	4	9	8	10
5	9	13	7	9	10
11	8	8	9	8	9
7	15	6	7	8	10
7	12	9	9	9	7
9	10	9	9	8	8
12	8	9	8	10	6
3	11	5	11	15	7
10	6	8	7	7	14
7	9	8	9	13	6
3	14	8	11	10	6
6	16	4	9	10	7
12	9	6	7	10	8
9	10	9	5	9	10
8	11	9	9	9	6
4	15	9	11	10	3
10	9	9	9	9	6
12	7	9	9	9	6
5	11	13	9	6	8
8	10	12	6	7	9
7	14	11	9	7	4
10	12	13	9	8	0
5	0	13	4	0	29
12	4	6	9	10	10
12	6	6	9	9	9
6	3	16	8	7	11
8	9	8	8	10	8
12	5	8	10	7	9
7	12	7	8	9	8
5	12	10	12	9	3
9	9	10	8	6	9
9	8	11	10	7	6
9	14	8	17	3	0
2	6	9	6	16	11
5	13	0	7	19	6
0	6	16	8	5	15
8	6	8	14	4	10
8	6	9	10	9	8
8	8	8	5	10	11
5	8	12	7	8	10
6	10	9	9	7	9
14	6	5	9	10	6
3	9	15	11	8	4
11	7	10	8	6	8
7	18	11	7	3	4
7	6	6	9	7	14
10	2	8	8	7	14
0	11	11	4	7	16
3	8	12	8	6	12
9	7	7	7	9	10
7	9	7	9	9	8
9	6	9	11	5	9
12	3	9	11	3	11
13	8	3	12	8	5
9	9	7	7	8	9
5	8	13	8	6	9
7	11	8	7	7	9
12	4	11	8	5	9
10	7	11	9	5	7
14	12	2	8	9	4
8	10	11	7	5	8
26	0	8	4	0	11
18	11	7	3	7	3
0	0	0	13	23	12
12	2	3	10	5	16
0	9	12	7	6	14
6	6	9	9	9	9
10	5	6	9	9	9
9	5	8	11	9	6
9	10	4	9	12	4
11	8	5	9	8	7
8	7	10	11	6	6
10	7	9	6	5	11
0	13	16	2	7	10
18	8	10	9	0	3
12	0	5	8	11	11
7	5	6	9	13	7
4	7	9	7	12	8
10	7	4	8	5	13
11	6	4	12	7	7
8	6	8	10	8	7
6	8	9	4	9	11
7	8	8	6	9	9
13	3	7	4	11	9
7	11	6	8	9	6
5	14	7	4	9	8
16	6	4	9	5	7
6	13	9	6	8	5
6	6	3	12	11	8
8	7	5	8	9	9
7	8	6	8	9	8
6	9	7	9	8	7
5	3	15	4	7	12
0	16	7	11	7	5
8	6	9	6	10	7
9	5	9	7	8	8
8	6	9	9	6	8
8	7	9	7	7	8
8	10	6	8	9	5
12	6	6	9	8	5
8	8	9	6	6	9
12	8	6	6	10	4
13	10	4	6	7	6
7	8	16	0	7	8
6	5	5	9	12	8
5	7	6	8	11	8
6	6	7	5	11	10
7	8	5	8	10	7
5	8	8	8	9	7
7	6	8	8	7	9
9	6	6	6	9	9
5	11	6	9	8	6
10	7	5	7	8	8
5	8	10	7	10	5
8	10	6	11	7	3
12	4	11	6	8	4
9	10	9	12	5	0
0	0	9	7	11	17
4	7	4	5	11	13
6	3	8	9	9	9
2	8	9	10	6	9
4	8	7	8	8	9
7	5	7	9	9	7
9	7	4	11	6	7
7	7	8	7	6	9
6	10	7	7	7	7
8	8	7	8	7	6
11	7	5	7	8	6
3	10	11	6	7	7
8	7	9	8	5	7
0	0	25	11	0	8
7	11	7	7	5	7
5	10	13	0	6	10
0	11	18	5	6	4
8	6	3	9	7	10
3	5	11	9	2	13
11	4	4	10	7	7
5	7	8	7	6	10
5	5	11	5	5	12
5	6	10	7	6	9
8	6	7	8	7	7
11	6	4	10	6	6
7	9	6	5	6	10
6	13	3	7	8	6
7	8	7	9	6	6
9	6	8	5	6	9
8	14	3	5	10	3
6	12	8	7	7	3
11	15	0	3	14	0
0	0	17	0	0	25
4	13	2	6	12	5
7	6	6	7	10	6
5	9	5	10	8	5
8	7	4	8	10	5
6	8	6	7	7	8
7	8	5	9	8	5
7	6	7	11	7	4
5	12	4	2	10	9
9	7	5	8	6	7
0	13	9	4	11	5
2	11	9	5	8	7
6	9	7	6	7	7
8	7	8	6	5	8
8	9	6	5	9	5
0	5	27	0	2	8
8	2	0	6	10	15
5	6	6	7	9	8
4	5	9	7	7	9
7	6	5	8	6	9
9	7	2	7	5	11
0	10	9	9	8	5
7	7	5	8	7	7
11	2	7	3	8	10
7	6	7	8	4	9
6	7	8	5	6	9
4	11	7	6	8	5
6	7	9	6	9	4
9	6	7	7	6	6
6	5	4	8	9	8
0	11	6	7	10	6
6	7	4	9	7	7
8	3	6	10	8	5
3	5	10	4	7	11
4	5	9	5	10	7
0	0	19	0	0	21
5	5	9	8	4	9
10	9	0	0	11	10
12	7	0	11	5	5
0	11	9	5	10	5
4	8	8	6	6	8
6	8	6	4	11	5
7	6	7	7	7	6
3	6	12	0	8	11
9	7	5	6	7	6
4	10	8	5	9	4
12	10	4	8	6	0
3	13	14	6	4	0
5	4	5	8	9	8
6	5	5	8	7	8
5	8	4	9	6	7
4	7	7	8	6	7
9	4	5	7	5	9
9	4	5	8	4	9
4	7	8	7	7	6
6	9	4	6	8	6
9	4	6	8	7	5
7	7	6	5	6	8
6	8	6	6	7	6
11	5	4	8	6	5
0	11	10	0	7	11
8	6	7	6	5	7
8	9	5	5	8	4
4	9	11	5	6	4
10	7	8	7	7	0
5	3	2	5	11	12
0	9	3	11	11	4
5	3	6	10	7	7
8	4	5	7	6	8
5	6	6	10	4	7
8	4	5	7	7	7
2	10	6	4	10	6
5	6	7	6	4	10
0	15	3	7	9	4
6	6	6	6	6	8
7	7	4	7	5	8
4	5	10	4	6	9
4	7	8	6	3	10
6	6	8	4	6	8
5	7	8	5	7	6
7	5	8	9	2	7
9	5	6	11	5	2
7	7	7	3	7	7
8	6	7	6	5	6
9	7	5	5	8	4
6	7	9	6	5	5
6	9	7	5	6	5
13	5	5	4	4	7
0	0	4	3	4	26
0	11	0	7	19	0
3	4	5	10	6	9
8	4	2	8	6	9
0	11	4	4	3	15
3	7	5	9	7	6
4	7	4	6	12	4
5	5	5	9	8	5
3	3	10	8	4	9
0	13	3	8	8	5
5	9	2	6	9	6
6	3	8	0	12	8
0	9	8	8	9	3
7	5	6	6	8	5
7	7	4	7	9	3
7	5	7	7	5	6
8	5	6	10	3	5
0	16	4	4	7	6
3	9	8	7	7	3
6	6	9	4	6	6
8	2	11	7	4	5
15	3	5	7	5	2
27	2	0	3	5	0
5	0	2	5	15	9
0	2	12	10	3	9
3	8	3	5	12	5
3	10	4	4	9	6
3	10	4	7	6	6
3	9	6	3	10	5
6	5	7	6	4	8
4	7	7	6	8	4
7	4	7	8	5	5
4	4	12	7	4	5
8	11	4	2	9	2
0	0	24	0	0	12
0	4	0	17	10	4
0	7	4	7	11	6
5	3	7	7	7	6
7	4	4	6	5	9
4	8	3	7	8	5
7	3	5	7	8	5
5	7	4	3	7	9
0	16	0	5	14	0
11	5	0	6	7	6
6	6	4	12	5	2
5	6	6	6	7	5
9	4	4	8	3	7
8	5	5	6	6	5
12	6	0	9	6	2
6	5	8	5	6	5
5	7	7	7	5	4
8	4	7	6	5	5
4	9	7	5	5	5
5	4	14	4	2	6
8	0	0	8	8	10
3	5	2	8	9	7
6	0	7	3	4	14
3	5	5	6	8	7
3	5	5	7	6	8
0	6	7	10	7	4
3	4	6	10	7	4
4	6	4	6	6	8
9	5	0	5	10	5
0	8	7	7	6	6
5	3	7	6	7	6
5	4	6	7	4	8
6	4	6	6	6	6
11	0	6	5	3	9
6	6	5	7	6	4
4	6	7	9	8	0
7	4	7	3	4	9
5	9	4	4	8	4
5	8	5	6	6	4
6	8	4	6	5	5
6	8	4	6	5	5
6	7	5	6	7	3
0	10	8	14	2	0
6	8	5	5	6	4
12	6	3	3	7	3
3	13	7	6	2	3
9	13	3	4	5	0
4	2	4	4	9	10
3	4	5	6	6	9
4	4	5	6	7	7
6	4	3	8	7	5
3	6	5	4	6	9
7	4	3	5	5	9
2	6	6	9	7	3
5	7	2	6	8	5
5	5	5	7	5	6
0	7	9	5	4	8
7	4	5	5	5	7
10	6	0	6	6	5
3	8	6	4	7	5
7	6	4	6	5	5
0	10	8	2	9	4
4	5	9	4	5	6
2	11	5	4	7	4
5	6	8	4	4	6
5	9	5	4	6	4
7	6	6	8	3	3
0	7	13	9	0	4
8	6	6	6	3	4
2	2	6	7	11	4
5	5	2	9	6	5
5	4	4	6	6	7
6	3	4	7	7	5
6	3	5	8	6	4
5	5	5	6	5	6
7	4	4	7	5	5
4	6	6	4	6	6
4	6	6	6	5	5
10	3	3	5	5	6
9	4	3	8	5	3
0	7	10	0	5	10
5	9	3	8	5	2
5	8	5	5	5	4
6	5	7	7	4	3
8	5	5	4	7	3
7	6	5	6	5	3
10	6	2	6	6	2
0	0	19	7	3	3
0	15	5	7	3	2
15	7	0	0	4	6
0	9	0	6	11	5
9	0	0	12	6	4
6	0	4	7	5	9
8	4	0	11	8	0
4	5	4	4	4	10
3	6	5	2	6	9
3	6	5	6	5	6
4	6	4	6	5	6
5	6	3	7	7	3
6	5	3	8	5	4
2	9	4	5	8	3
7	3	5	4	7	5
4	8	3	7	5	4
0	11	5	6	7	2
5	7	4	6	4	5
6	4	6	7	5	3
6	5	5	7	5	3
4	8	5	5	5	4
0	10	9	0	6	6
5	8	6	0	6	6
2	13	7	0	5	4
0	0	0	10	8	12
0	5	4	8	5	8
8	0	2	8	5	7
3	2	7	5	5	8
5	5	2	7	6	5
4	4	5	7	4	6
5	6	3	4	10	2
7	5	3	6	5	4
4	5	7	5	5	4
0	13	3	4	10	0
11	2	3	8	3	3
0	7	10	2	6	5
4	8	5	5	4	4
0	17	0	5	8	0
0	2	17	0	2	9
5	7	8	4	3	3
7	8	7	4	4	0
20	5	0	2	3	0
0	10	0	0	19	0
6	2	2	3	6	10
4	2	5	7	6	5
2	2	9	0	3	13
9	0	4	0	9	7
5	4	4	4	7	5
6	7	0	6	4	6
6	4	4	5	2	8
4	7	3	6	6	3
3	7	4	8	4	3
7	3	5	6	4	4
5	6	4	8	2	4
4	6	6	4	4	5
4	6	6	4	5	4
8	4	4	0	13	0
6	7	4	3	3	6
2	10	5	6	3	3
5	5	8	5	2	4
5	8	5	4	4	3
0	9	10	0	5	5
10	0	10	3	3	3
8	7	11	0	3	0
6	0	0	8	7	7
3	3	3	2	8	9
6	3	0	9	5	5
0	0	11	0	9	8
5	2	4	5	4	8
5	2	4	5	5	7
3	4	4	7	5	5
5	3	3	6	6	5
0	9	3	0	6	10
3	6	3	3	6	7
2	5	5	5	6	5
4	4	4	5	5	6
3	4	5	6	5	5
3	5	4	5	7	4
4	5	3	6	6	4
0	6	7	3	5	7
5	3	5	5	2	8
4	4	5	4	6	5
2	7	4	6	4	5
4	4	5	5	5	5
4	4	5	6	3	6
6	0	7	7	3	5
5	4	4	6	5	4
6	5	2	4	8	3
4	6	3	6	7	2
0	0	14	6	0	8
4	6	4	4	6	4
4	6	4	4	7	3
5	5	4	6	3	5
6	3	5	7	3	4
3	9	3	2	8	3
7	5	3	3	6	4
6	3	7	3	4	5
4	7	5	3	5	4
5	5	6	5	3	4
8	5	3	5	5	2
7	8	3	3	5	2
5	4	10	5	2	2
11	5	3	4	0	5
8	9	2	4	5	0
0	8	12	0	8	0
5	12	3	5	0	3
0	0	6	3	8	10
0	4	5	4	8	6
4	2	5	3	5	8
2	5	4	3	7	6
0	5	7	5	4	6
0	8	4	6	5	4
4	6	2	6	6	3
6	6	0	4	7	4
3	4	6	2	4	8
0	7	6	3	8	3
4	5	4	4	6	4
4	6	3	3	8	3
6	5	2	3	5	6
2	6	6	2	3	8
0	10	4	3	7	3
3	4	7	5	4	4
4	2	8	6	4	3
3	9	2	4	5	4
5	4	5	5	4	4
4	6	5	3	5	4
3	9	3	4	5	3
6	4	5	4	4	4
6	3	7	3	4	4
8	0	8	5	0	6
6	5	5	4	3	4
7	5	5	0	5	5
8	10	3	0	6	0
5	0	0	8	7	6
5	0	2	5	3	11
0	4	4	0	5	13
0	5	5	4	5	7
2	3	5	4	6	6
4	4	2	3	7	6
0	7	4	4	5	6
0	8	4	0	7	7
5	3	4	4	4	6
0	5	8	8	0	5
4	3	6	5	4	4
5	4	4	5	4	4
5	4	4	5	5	3
3	3	8	5	3	4
5	3	6	3	4	5
3	5	6	4	6	2
4	6	4	5	4	3
4	6	4	7	5	0
4	6	5	6	5	0
0	5	11	2	3	5
2	7	7	4	3	3
0	12	6	2	3	3
0	8	11	0	0	7
5	0	0	20	0	0
6	0	0	8	4	7
0	3	6	4	3	9
2	0	7	6	6	4
5	0	4	5	4	7
4	5	0	4	6	6
0	4	5	8	8	0
4	5	0	5	8	3
0	0	10	4	3	8
0	5	5	4	6	5
5	3	2	4	8	3
0	8	2	15	0	0
3	3	5	6	2	6
0	8	3	7	4	3
4	3	4	5	5	4
6	3	2	3	5	6
4	4	3	6	3	5
3	6	2	7	4	3
11	0	0	6	3	5
6	0	6	0	5	8
5	3	4	0	6	7
2	3	7	5	4	4
3	4	5	5	4	4
3	4	5	5	4	4
4	3	5	6	3	4
3	6	4	3	4	5
4	5	4	2	6	4
3	5	5	4	4	4
3	6	4	4	5	3
4	4	5	5	3	4
2	6	6	2	7	2
2	7	5	2	6	3
5	3	6	6	3	2
9	3	2	5	4	2
0	8	7	4	4	2
11	5	0	2	5	2
6	6	8	2	0	3
18	3	4	0	0	0
4	2	0	2	7	9
0	2	5	5	4	8
3	2	3	5	5	6
0	2	7	4	3	8
3	4	2	5	3	7
3	4	4	5	3	5
3	4	4	6	3	4
6	2	3	6	3	4
0	7	5	2	5	5
4	3	5	2	2	8
0	10	2	0	10	2
4	3	5	2	6	4
3	5	4	3	4	5
7	2	3	3	4	5
4	4	5	0	4	7
3	7	3	2	5	4
4	0	9	7	0	4
5	4	4	5	3	3
0	6	8	2	3	5
2	9	3	3	5	2
5	3	6	4	3	3
4	5	6	2	3	4
0	11	4	4	5	0
0	13	3	3	5	0
6	8	2	4	4	0
0	15	2	3	4	0
4	7	7	0	3	3
7	5	6	4	2	0
18	0	0	0	6	0
15	0	9	0	0	0
5	0	0	8	5	5
2	0	4	5	6	6
0	2	5	4	2	10
2	3	2	6	5	5
0	3	4	14	2	0
0	3	5	3	8	4
2	2	4	3	5	7
5	0	3	7	0	8
5	0	3	5	5	5
0	8	0	6	7	2
0	5	4	3	5	6
0	5	5	0	10	3
4	3	3	0	3	10
0	5	5	3	6	4
0	4	6	6	3	4
4	4	2	4	4	5
5	5	0	9	4	0
0	4	7	0	3	9
2	4	5	4	3	5
3	4	4	3	4	5
3	3	5	4	4	4
2	4	5	5	4	3
4	5	3	2	4	5
3	2	7	6	0	5
3	4	5	4	3	4
5	3	4	4	4	3
5	4	3	5	4	2
4	0	10	6	0	3
6	2	7	0	3	5
0	8	10	0	2	3
10	2	8	3	0	0
2	3	0	10	3	4
3	0	3	0	5	11
3	2	3	3	4	7
4	0	4	7	3	4
6	0	2	5	5	4
5	3	0	5	5	4
0	5	4	2	7	4
2	3	4	3	5	5
0	9	0	0	13	0
0	4	5	6	4	3
0	7	2	6	2	5
0	10	0	0	9	3
2	4	4	3	4	5
4	3	3	3	5	4
0	4	7	3	4	4
0	6	5	5	3	3
2	4	5	5	3	3
2	5	4	5	4	2
3	4	4	5	3	3
4	4	3	4	4	3
4	4	3	5	4	2
11	0	0	0	11	0
0	6	6	0	5	5
0	6	6	2	2	6
5	5	2	3	4	3
0	8	5	0	5	4
5	3	5	3	2	4
5	2	6	5	0	4
5	5	3	4	2	3
6	5	3	5	3	0
5	4	6	4	0	3
4	7	4	3	2	2
4	7	4	4	3	0
5	6	4	3	4	0
12	3	0	7	0	0
0	14	2	0	6	0
5	5	6	0	4	2
0	4	13	0	2	3
4	7	6	0	5	0
10	7	0	0	5	0
2	0	0	5	6	8
2	0	2	6	5	6
0	3	4	5	5	4
0	0	9	0	5	7
0	4	5	0	4	8
0	6	3	2	5	5
0	5	4	3	6	3
3	2	4	4	4	4
6	0	3	3	4	5
5	4	0	4	4	4
2	0	8	3	0	8
0	3	7	4	3	4
2	4	4	3	4	4
4	2	4	4	3	4
0	3	8	0	6	4
0	6	5	4	0	6
3	3	5	3	2	5
3	5	3	2	3	5
4	2	5	2	4	4
6	2	3	2	3	5
5	2	4	4	2	4
4	5	2	4	6	0
0	7	5	0	6	3
4	3	5	0	3	6
0	7	5	2	4	3
3	5	4	3	3	3
6	3	3	3	4	2
5	2	5	6	3	0
5	5	3	2	4	2
6	3	4	3	3	2
4	5	4	5	3	0
7	6	0	2	3	3
7	0	6	6	0	2
7	3	4	2	2	3
11	2	8	0	0	0
0	0	2	6	5	7
6	0	0	6	4	4
3	0	4	4	3	6
3	2	2	5	2	6
3	4	0	2	9	2
3	2	3	3	2	7
2	3	3	3	4	5
2	4	2	2	6	4
0	8	0	0	12	0
2	3	3	4	3	5
2	3	3	4	3	5
3	3	2	3	4	5
5	0	3	4	4	4
4	4	0	3	5	4
4	2	2	5	3	4
0	4	5	2	3	6
0	3	7	0	4	6
4	3	3	4	3	3
3	3	5	2	2	5
2	4	5	3	2	4
3	5	3	6	3	0
3	5	4	0	4	4
3	4	5	0	5	3
0	7	5	4	0	4
0	6	6	3	5	0
5	4	3	0	3	5
4	4	4	4	2	2
2	8	3	2	2	3
5	5	4	2	4	0
6	5	4	0	5	0
6	3	7	0	4	0
10	4	3	3	0	0
20	0	0	0	0	0
11	0	9	0	0	0
0	12	8	0	0	0
2	0	0	5	7	5
0	0	5	0	2	12
3	0	2	5	4	5
4	0	2	5	5	3
0	3	4	3	4	5
0	4	3	3	5	4
0	3	4	4	4	4
7	0	0	4	0	8
0	5	3	2	2	7
0	3	5	4	5	2
0	3	5	5	4	2
2	4	2	3	4	4
3	3	2	3	4	4
2	3	3	4	4	3
5	3	0	2	2	7
4	4	0	4	4	3
0	2	7	0	3	7
0	4	5	0	3	7
0	3	6	4	0	6
3	3	3	2	4	4
2	4	3	4	3	3
4	0	5	5	0	5
4	3	2	3	4	3
3	4	2	5	3	2
0	5	5	0	4	5
5	0	5	2	3	4
4	3	4	4	2	2
2	7	3	0	5	2
4	4	4	2	3	2
4	3	5	4	0	3
9	0	3	2	2	3
0	0	13	0	0	6
0	6	7	0	2	4
3	7	3	0	6	0
6	7	0	0	2	4
5	0	9	0	0	5
3	5	6	2	3	0
6	0	9	0	0	4
6	7	3	0	3	0
0	3	14	0	2	0
14	2	3	0	0	0
0	11	8	0	0	0
0	3	0	5	5	5
3	0	0	4	4	7
0	2	2	2	6	6
0	0	4	4	6	4
2	0	3	3	5	5
2	2	2	0	6	6
3	3	0	4	5	3
0	4	3	2	4	5
3	0	4	3	4	4
0	5	2	4	4	3
3	0	4	4	5	2
7	0	0	11	0	0
0	3	5	0	5	5
3	2	3	2	3	5
2	2	4	5	3	2
5	0	3	5	0	5
4	2	2	6	4	0
6	2	0	5	5	0
0	4	5	4	2	3
0	5	4	4	3	2
3	4	2	3	0	6
4	3	2	2	3	4
3	3	3	3	3	3
4	2	3	3	3	3
3	3	3	4	3	2
4	3	2	3	6	0
4	3	2	4	5	0
0	4	6	0	0	8
0	5	5	0	8	0
3	3	4	3	2	3
4	4	2	2	3	3
5	0	5	4	0	4
0	3	8	0	0	7
0	9	2	0	7	0
3	3	5	3	2	2
3	4	4	4	0	3
4	4	3	3	2	2
6	3	2	2	3	2
0	6	6	0	3	3
4	5	3	0	3	3
4	0	8	4	2	0
0	2	11	3	2	0
5	3	5	2	0	3
7	5	2	4	0	0
5	13	0	0	0	0
7	2	9	0	0	0
2	3	0	5	3	4
0	0	6	0	5	6
0	4	2	0	9	2
4	0	2	2	2	7
0	4	2	4	3	4
3	3	0	4	3	4
4	2	0	4	2	5
3	0	3	7	0	4
4	2	0	6	2	3
3	3	0	6	5	0
0	2	5	2	3	5
0	4	3	5	3	2
3	4	0	2	4	4
5	0	2	4	3	3
5	2	0	4	2	4
3	4	0	5	3	2
7	0	0	4	3	3
2	0	6	2	2	5
2	2	4	3	2	4
2	2	4	3	2	4
3	2	3	5	0	4
3	2	3	4	5	0
5	0	3	4	3	2
8	0	0	3	4	2
0	0	9	0	2	6
3	2	4	0	5	3
0	5	4	3	3	2
3	6	0	0	6	2
3	4	2	2	4	2
4	2	3	3	3	2
4	3	2	4	2	2
5	2	3	0	2	5
2	5	3	2	2	3
0	10	0	0	7	0
3	3	4	2	3	2
4	2	4	2	2	3
4	3	3	3	2	2
8	0	2	4	0	3
0	4	7	0	0	6
5	2	4	0	4	2
5	2	4	2	0	4
3	4	4	2	4	0
5	3	3	2	4	0
8	0	3	3	0	3
4	3	5	5	0	0
8	0	4	5	0	0
0	8	6	3	0	0
17	0	0	0	0	0
0	0	3	4	2	7
0	0	3	5	3	5
0	0	4	3	3	6
0	2	2	2	5	5
0	2	2	2	6	4
0	2	2	3	4	5
0	5	0	0	7	4
2	3	0	2	7	2
0	0	6	2	0	8
0	3	3	2	3	5
0	6	0	0	7	3
0	3	3	3	3	4
2	2	2	4	2	4
2	2	2	4	2	4
0	2	4	7	0	3
2	4	0	4	3	3
4	2	0	6	4	0
0	3	4	0	2	7
0	3	4	0	4	5
0	0	7	3	0	6
0	7	0	2	7	0
0	4	4	4	0	4
4	0	4	0	4	4
3	2	3	3	3	2
6	0	2	2	2	4
0	4	5	0	3	4
0	5	4	0	4	3
4	0	5	0	0	7
4	2	3	3	2	2
7	0	2	2	2	3
0	5	5	0	0	6
2	3	5	0	0	6
0	7	3	0	4	2
0	7	3	0	6	0
3	2	5	3	0	3
3	3	4	2	2	2
4	3	3	3	0	3
0	0	11	0	0	5
3	3	5	3	0	2
8	4	0	2	2	0
3	7	4	2	0	0
6	8	0	0	2	0
0	0	16	0	0	0
0	0	0	4	4	7
0	0	0	11	4	0
2	0	0	6	4	3
0	0	3	3	4	5
0	3	0	4	4	4
3	0	0	4	3	5
3	0	0	7	5	0
0	2	2	0	4	7
0	4	0	0	4	7
0	2	2	4	3	4
4	0	0	4	0	7
2	2	0	5	2	4
0	0	5	0	4	6
0	2	3	0	3	7
0	3	2	2	5	3
2	0	3	3	3	4
2	3	0	2	3	5
3	2	0	3	4	3
2	3	0	5	2	3
0	3	3	0	5	4
2	4	0	2	3	4
2	4	0	2	3	4
2	0	5	0	0	8
0	3	4	4	0	4
2	5	0	3	2	3
2	3	3	0	3	4
3	3	2	2	3	2
3	2	3	3	2	2
3	3	2	3	2	2
5	0	3	3	2	2
3	5	0	4	0	3
6	0	2	4	0	3
5	3	0	3	4	0
4	5	0	0	4	2
3	4	2	4	2	0
5	2	2	4	2	0
2	4	4	0	0	5
4	3	3	5	0	0
5	5	0	2	3	0
0	0	11	0	0	4
5	4	2	0	4	0
0	9	3	0	3	0
5	5	2	0	3	0
6	3	3	3	0	0
0	0	0	5	6	3
3	0	0	3	4	4
0	3	0	7	0	4
3	0	0	6	3	2
0	2	2	0	4	6
0	4	0	0	4	6
2	0	2	2	2	6
2	0	2	2	3	5
4	0	0	0	6	4
0	4	0	5	5	0
0	0	5	0	0	9
0	0	5	2	0	7
0	3	2	2	2	5
0	2	3	2	3	4
0	0	5	4	2	3
2	0	3	2	2	5
0	2	3	4	2	3
0	5	0	2	5	2
3	2	0	0	6	3
0	2	3	6	3	0
5	0	0	3	3	3
2	2	2	2	3	3
4	0	2	2	2	4
2	4	0	3	3	2
4	2	0	4	2	2
0	4	3	2	0	5
2	2	3	2	2	3
0	5	2	3	4	0
2	0	5	5	0	2
3	2	2	2	3	2
3	2	2	3	2	2
2	3	3	0	3	3
2	3	3	2	2	2
3	2	3	2	2	2
5	0	3	2	0	4
3	3	2	3	0	3
5	3	0	0	3	3
3	5	0	4	0	2
4	2	2	3	3	0
0	5	4	0	2	3
4	0	5	0	0	5
0	3	6	2	3	0
0	3	6	5	0	0
3	4	2	3	0	2
3	2	5	0	0	4
2	2	6	0	4	0
0	7	3	0	4	0
4	2	4	0	0	4
3	7	0	2	2	0
0	4	7	0	0	3
2	6	3	0	0	3
8	0	3	0	0	3
5	3	4	2	0	0
12	0	0	0	0	2
10	0	4	0	0	0
0	0	0	4	6	3
2	0	0	6	2	3
0	3	0	4	2	4
4	0	0	3	2	4
0	0	5	0	4	4
0	3	2	0	3	5
0	3	2	0	4	4
0	0	5	3	2	3
0	3	3	0	5	2
0	4	2	2	2	3
0	0	6	5	0	2
0	0	6	4	3	0
2	2	2	2	2	3
0	3	3	3	4	0
0	4	2	4	3	0
3	0	3	4	0	3
3	0	3	4	3	0
0	0	7	0	0	6
2	2	3	0	0	6
3	0	4	2	2	2
2	3	2	2	2	2
4	3	0	0	4	2
3	4	0	2	2	2
3	2	2	3	3	0
5	2	0	4	2	0
5	3	0	5	0	0
4	2	3	2	0	2
0	4	6	0	0	3
0	2	8	3	0	0
5	2	3	0	3	0
8	2	0	0	3	0
3	4	4	2	0	0
0	0	2	3	2	5
0	0	2	3	3	4
2	0	0	2	3	5
0	0	3	0	3	6
0	0	3	0	3	6
0	0	3	2	0	7
0	0	3	5	0	4
0	3	0	4	3	2
3	0	0	4	0	5
3	0	0	6	3	0
0	4	0	0	4	4
0	4	0	0	6	2
0	4	0	0	8	0
0	4	0	2	6	0
2	2	0	3	3	2
4	0	0	3	5	0
0	0	5	0	0	7
0	3	2	0	3	4
2	0	3	2	2	3
2	0	3	2	3	2
0	4	2	0	2	4
0	3	3	0	4	2
0	4	2	0	3	3
3	0	3	0	0	6
2	2	2	0	2	4
2	2	2	2	2	2
2	2	2	2	2	2
2	2	2	3	0	3
0	4	2	3	3	0
0	6	0	2	4	0
2	4	0	2	2	2
4	2	0	4	0	2
0	3	4	0	3	2
2	0	5	2	0	3
4	0	3	0	2	3
2	5	0	0	2	3
0	7	0	0	5	0
0	7	0	0	5	0
3	0	4	0	5	0
2	3	2	2	0	3
3	0	4	3	0	2
2	2	3	3	2	0
0	7	0	3	2	0
3	2	2	3	0	2
3	2	2	2	3	0
4	0	3	2	3	0
0	0	8	0	0	4
2	3	3	2	0	2
3	2	3	0	4	0
6	0	2	0	0	4
2	4	2	2	2	0
5	3	0	0	4	0
5	3	0	0	4	0
6	2	0	2	0	2
0	10	0	0	2	0
12	0	0	0	0	0
4	2	6	0	0	0
0	0	0	0	0	11
0	2	0	0	5	4
0	0	2	2	3	4
0	0	2	3	3	3
0	0	2	3	3	3
2	0	0	4	2	3
0	0	3	0	4	4
0	3	0	0	5	3
0	3	0	2	4	2
3	0	0	2	3	3
0	0	4	0	0	7
0	0	4	2	0	5
0	2	2	0	5	2
0	2	2	2	3	2
0	4	0	0	7	0
2	0	2	2	2	3
0	4	0	2	3	2
0	4	0	2	3	2
0	4	0	3	4	0
2	2	0	4	0	3
0	0	5	0	0	6
0	0	5	0	0	6
0	2	3	0	4	2
2	0	3	0	2	4
0	2	3	2	2	2
2	3	0	3	3	0
0	0	6	0	0	5
0	0	6	0	0	5
0	6	0	0	3	2
0	3	3	3	0	2
0	3	3	3	2	0
4	0	2	0	3	2
2	4	0	2	3	0
3	3	0	2	3	0
6	0	0	2	0	3
3	3	0	5	0	0
6	0	0	5	0	0
0	2	5	2	2	0
2	2	3	0	4	0
2	3	2	2	2	0
3	4	0	2	2	0
0	2	6	0	0	3
0	5	6	0	0	0
0	3	8	0	0	0
0	0	0	0	4	6
0	0	0	0	6	4
0	0	0	2	5	3
0	0	0	3	4	3
0	0	0	10	0	0
0	0	2	0	2	6
0	0	2	0	2	6
2	0	0	0	3	5
0	0	3	2	3	2
0	3	0	2	3	2
0	0	3	5	2	0
3	0	0	3	0	4
3	0	0	4	0	3
3	0	0	4	3	0
2	0	2	0	3	3
0	2	2	2	2	2
0	2	2	3	0	3
0	2	2	3	0	3
2	2	0	0	4	2
0	4	0	2	2	2
4	0	0	0	2	4
2	2	0	2	2	2
0	2	2	4	2	0
0	3	2	0	2	3
0	2	3	0	3	2
0	5	0	0	5	0
0	5	0	0	5	0
5	0	0	0	0	5
0	3	2	3	2	0
3	0	2	3	0	2
2	3	0	3	0	2
0	3	2	5	0	0
0	3	2	5	0	0
0	0	6	0	0	4
0	2	4	0	0	4
2	0	4	0	0	4
0	3	3	0	4	0
0	3	3	2	0	2
0	3	3	2	0	2
0	4	2	0	4	0
0	3	3	2	2	0
3	3	0	0	2	2
0	3	3	4	0	0
0	6	0	2	2	0
4	2	0	0	2	2
3	3	0	0	4	0
2	2	2	4	0	0
2	2	2	4	0	0
3	3	0	4	0	0
0	3	4	0	3	0
3	0	4	0	0	3
3	2	2	0	0	3
2	3	2	0	3	0
4	3	0	0	0	3
3	4	0	0	3	0
3	2	2	3	0	0
5	2	0	0	3	0
0	0	8	0	2	0
0	0	8	2	0	0
0	6	2	0	0	2
0	8	0	0	2	0
3	3	2	0	2	0
3	2	3	2	0	0
3	2	3	2	0	0
10	0	0	0	0	0
8	0	2	0	0	0
5	2	3	0	0	0
5	0	5	0	0	0
0	10	0	0	0	0
0	0	0	0	0	9
0	0	0	0	4	5
0	0	0	2	4	3
0	0	0	3	3	3
0	0	0	5	0	4
0	2	0	0	4	3
0	2	0	0	4	3
0	0	2	2	2	3
0	2	0	2	2	3
0	0	2	3	2	2
0	0	2	7	0	0
0	0	3	0	3	3
0	0	3	0	3	3
0	3	0	0	3	3
0	3	0	0	4	2
0	0	3	3	0	3
0	0	3	3	0	3
0	0	3	3	0	3
0	0	3	2	4	0
0	3	0	3	0	3
3	0	0	0	4	2
0	0	3	4	2	0
0	3	0	2	4	0
3	0	0	2	2	2
3	0	0	3	3	0
3	0	0	4	2	0
0	2	2	2	0	3
2	0	2	0	2	3
0	2	2	0	5	0
0	4	0	0	3	2
0	4	0	0	5	0
0	4	0	0	5	0
0	4	0	0	5	0
2	0	2	2	0	3
2	0	2	2	0	3
2	0	2	2	0	3
0	2	2	2	3	0
0	2	2	2	3	0
0	2	2	3	2	0
2	2	0	0	5	0
4	0	0	0	3	2
2	0	2	2	3	0
2	2	0	2	3	0
0	4	0	5	0	0
2	2	0	3	2	0
4	0	0	3	0	2
0	0	5	0	0	4
0	2	3	0	2	2
3	2	0	0	0	4
2	0	3	2	0	2
0	5	0	2	0	2
0	2	3	4	0	0
3	0	2	2	0	2
0	2	4	0	0	3
3	0	3	0	0	3
2	2	2	0	3	0
0	3	3	3	0	0
0	6	0	3	0	0
6	0	0	0	0	3
3	0	3	3	0	0
4	2	0	3	0	0
0	0	7	2	0	0
2	3	2	0	0	2
2	0	5	2	0	0
3	2	2	2	0	0
5	2	0	0	2	0
5	0	2	2	0	0
9	0	0	0	0	0
9	0	0	0	0	0
4	3	2	0	0	0
0	5	4	0	0	0
0	4	5	0	0	0
0	0	9	0	0	0
0	0	0	0	4	4
0	0	0	0	8	0
0	0	0	3	3	2
0	0	0	3	5	0
0	0	0	6	0	2
0	0	0	8	0	0
0	0	2	0	0	6
0	0	2	0	0	6
0	0	2	0	0	6
0	0	2	0	0	6
0	0	2	0	3	3
0	0	2	0	4	2
0	2	0	0	2	4
0	0	2	2	2	2
0	0	2	3	0	3
0	2	0	3	0	3
0	2	0	2	4	0
2	0	0	2	2	2
0	2	0	3	3	0
0	2	0	6	0	0
0	0	3	0	0	5
0	0	3	0	0	5
0	3	0	0	0	5
0	3	0	0	0	5
0	0	3	2	0	3
0	0	3	2	0	3
0	3	0	0	2	3
3	0	0	0	0	5
0	0	3	2	3	0
3	0	0	0	2	3
0	3	0	2	3	0
3	0	0	0	5	0
0	0	4	0	0	4
0	0	4	0	0	4
0	0	4	0	0	4
0	0	4	0	0	4
0	2	2	0	2	2
2	0	2	0	0	4
0	0	4	2	0	2
2	0	2	0	2	2
0	2	2	2	0	2
0	4	0	0	4	0
0	4	0	0	4	0
2	2	0	0	2	2
0	2	2	2	2	0
4	0	0	0	0	4
2	0	2	2	0	2
2	0	2	2	0	2
2	2	0	2	0	2
4	0	0	0	2	2
4	0	0	0	4	0
4	0	0	0	4	0
4	0	0	2	2	0
0	0	5	0	0	3
0	0	5	0	0	3
0	2	3	0	0	3
2	0	3	0	0	3
0	5	0	0	0	3
0	2	3	0	3	0
0	3	2	0	3	0
0	5	0	0	3	0
3	2	0	0	0	3
5	0	0	0	0	3
0	5	0	3	0	0
3	2	0	0	3	0
3	2	0	3	0	0
0	0	6	0	0	2
0	4	2	0	2	0
3	0	3	0	0	2
0	3	3	2	0	0
4	0	2	0	0	2
3	3	0	0	0	2
2	4	0	0	2	0
4	2	0	0	2	0
8	0	0	0	0	0
5	3	0	0	0	0
6	0	2	0	0	0
4	4	0	0	0	0
4	0	4	0	0	0
0	3	5	0	0	0
0	3	5	0	0	0
0	0	0	0	4	3
0	0	0	2	0	5
0	0	0	2	2	3
0	0	0	2	2	3
0	0	0	2	2	3
0	0	0	2	3	2
0	0	0	4	0	3
0	0	0	5	0	2
0	0	0	4	3	0
0	0	0	7	0	0
0	0	0	7	0	0
0	0	2	0	2	3
0	0	2	0	2	3
0	2	0	0	2	3
0	2	0	0	2	3
0	0	2	2	0	3
0	0	2	2	0	3
0	2	0	0	3	2
0	2	0	2	0	3
0	0	2	3	0	2
2	0	0	0	3	2
2	0	0	2	0	3
0	2	0	2	3	0
0	2	0	2	3	0
2	0	0	3	0	2
2	0	0	2	3	0
2	0	0	3	2	0
2	0	0	3	2	0
0	0	3	0	0	4
0	0	3	0	2	2
0	0	3	0	2	2
0	3	0	0	0	4
0	0	3	2	0	2
0	0	3	2	0	2
0	3	0	0	4	0
0	3	0	2	2	0
3	0	0	0	4	0
3	0	0	4	0	0
0	0	4	0	0	3
0	0	4	0	0	3
0	0	4	0	0	3
0	0	4	0	0	3
0	0	4	0	0	3
0	2	2	0	0	3
0	4	0	0	3	0
0	4	0	0	3	0
0	0	4	3	0	0
0	2	2	3	0	0
0	4	0	3	0	0
2	0	2	3	0	0
2	2	0	3	0	0
4	0	0	3	0	0
4	0	0	3	0	0
0	0	5	0	0	2
0	0	5	0	0	2
0	2	3	0	0	2
0	3	2	0	0	2
0	0	5	2	0	0
0	5	0	0	0	2
0	2	3	2	0	0
0	5	0	0	2	0
0	5	0	0	2	0
2	3	0	0	2	0
3	2	0	0	2	0
5	0	0	0	0	2
5	0	0	2	0	0
7	0	0	0	0	0
7	0	0	0	0	0
7	0	0	0	0	0
7	0	0	0	0	0
7	0	0	0	0	0
5	2	0	0	0	0
3	4	0	0	0	0
4	0	3	0	0	0
0	7	0	0	0	0
0	7	0	0	0	0
0	5	2	0	0	0
0	3	4	0	0	0
0	3	4	0	0	0
0	0	7	0	0	0
0	0	7	0	0	0
0	0	7	0	0	0
0	0	7	0	0	0
0	0	0	0	0	6
0	0	0	0	2	4
0	0	0	0	2	4
0	0	0	0	2	4
0	0	0	2	2	2
0	0	0	2	2	2
0	0	0	2	2	2
0	0	0	3	0	3
0	0	0	3	0	3
0	0	0	2	4	0
0	0	0	2	4	0
0	0	0	3	3	0
0	0	0	3	3	0
0	0	0	6	0	0
0	0	0	6	0	0
0	0	2	0	0	4
0	0	2	0	2	2
0	0	2	0	2	2
0	2	0	0	2	2
0	2	0	0	2	2
0	2	0	0	2	2
0	2	0	0	2	2
0	0	2	2	0	2
0	2	0	0	4	0
0	2	0	0	4	0
0	0	2	2	2	0
0	2	0	2	0	2
2	0	0	0	2	2
0	0	2	2	2	0
0	0	2	2	2	0
0	2	0	2	2	0
0	2	0	2	2	0
0	2	0	2	2	0
0	0	2	4	0	0
2	0	0	2	0	2
2	0	0	2	0	2
0	0	2	4	0	0
0	2	0	4	0	0
2	0	0	2	2	0
2	0	0	2	2	0
2	0	0	2	2	0
0	2	0	4	0	0
2	0	0	4	0	0
0	0	3	0	0	3
0	0	3	0	0	3
0	0	3	0	0	3
0	0	3	0	0	3
0	0	3	0	3	0
0	3	0	0	0	3
0	0	3	0	3	0
0	0	3	0	3	0
0	3	0	0	3	0
0	3	0	0	3	0
3	0	0	0	0	3
3	0	0	3	0	0
0	0	4	0	0	2
0	0	4	0	0	2
0	0	4	0	0	2
0	2	2	0	0	2
0	2	2	0	0	2
0	2	2	0	0	2
0	2	2	0	0	2
0	4	0	0	0	2
0	2	2	0	2	0
0	2	2	0	2	0
0	4	0	0	0	2
0	2	2	0	2	0
0	4	0	0	0	2
0	2	2	0	2	0
0	2	2	0	2	0
0	2	2	0	2	0
0	0	4	2	0	0
2	0	2	0	0	2
2	0	2	0	0	2
0	4	0	0	2	0
0	2	2	2	0	0
2	0	2	0	2	0
2	0	2	0	2	0
2	0	2	2	0	0
2	0	2	2	0	0
2	0	2	2	0	0
2	0	2	2	0	0
2	0	2	2	0	0
2	2	0	2	0	0
2	2	0	2	0	0
2	2	0	2	0	0
2	2	0	2	0	0
2	2	0	2	0	0
4	0	0	2	0	0
6	0	0	0	0	0
6	0	0	0	0	0
6	0	0	0	0	0
6	0	0	0	0	0
6	0	0	0	0	0
6	0	0	0	0	0
4	2	0	0	0	0
4	2	0	0	0	0
2	4	0	0	0	0
2	4	0	0	0	0
3	0	3	0	0	0
3	0	3	0	0	0
0	6	0	0	0	0
0	4	2	0	0	0
0	3	3	0	0	0
0	3	3	0	0	0
0	2	4	0	0	0
0	0	6	0	0	0
0	0	6	0	0	0
0	0	6	0	0	0
0	0	0	0	0	5
0	0	0	0	0	5
0	0	0	0	2	3
0	0	0	0	3	2
0	0	0	2	0	3
0	0	0	2	0	3
0	0	0	0	5	0
0	0	0	0	5	0
0	0	0	3	0	2
0	0	0	3	0	2
0	0	0	2	3	0
0	0	0	2	3	0
0	0	0	3	2	0
0	0	0	3	2	0
0	0	0	3	2	0
0	0	2	0	0	3
0	0	2	0	0	3
0	0	2	0	0	3
0	0	2	0	0	3
0	0	2	0	0	3
0	0	2	0	0	3
0	0	2	0	0	3
0	2	0	0	0	3
0	2	0	0	0	3
0	2	0	0	0	3
0	2	0	0	0	3
0	0	2	0	3	0
0	0	2	0	3	0
2	0	0	0	0	3
2	0	0	0	0	3
2	0	0	0	0	3
2	0	0	0	0	3
2	0	0	0	0	3
0	2	0	0	3	0
0	2	0	0	3	0
0	2	0	0	3	0
0	2	0	0	3	0
0	2	0	0	3	0
0	2	0	0	3	0
0	0	2	3	0	0
0	2	0	3	0	0
0	2	0	3	0	0
2	0	0	3	0	0
2	0	0	3	0	0
0	0	3	0	0	2
0	0	3	0	0	2
0	0	3	0	0	2
0	0	3	0	0	2
0	0	3	0	0	2
0	0	3	0	0	2
0	0	3	0	0	2
0	0	3	0	0	2
0	0	3	0	0	2
0	0	3	0	0	2
0	0	3	0	2	0
0	3	0	0	0	2
0	3	0	0	0	2
0	0	3	2	0	0
0	3	0	0	2	0
0	3	0	0	2	0
0	3	0	0	2	0
3	0	0	0	0	2
3	0	0	0	0	2
3	0	0	0	0	2
3	0	0	0	0	2
0	3	0	2	0	0
3	0	0	0	2	0
3	0	0	2	0	0
3	0	0	2	0	0
3	0	0	2	0	0
5	0	0	0	0	0
5	0	0	0	0	0
5	0	0	0	0	0
5	0	0	0	0	0
5	0	0	0	0	0
5	0	0	0	0	0
3	2	0	0	0	0
3	2	0	0	0	0
2	3	0	0	0	0
2	3	0	0	0	0
2	3	0	0	0	0
2	3	0	0	0	0
3	0	2	0	0	0
3	0	2	0	0	0
0	5	0	0	0	0
0	5	0	0	0	0
2	0	3	0	0	0
2	0	3	0	0	0
0	3	2	0	0	0
0	3	2	0	0	0
0	3	2	0	0	0
0	3	2	0	0	0
0	2	3	0	0	0
0	0	5	0	0	0
0	0	5	0	0	0
0	0	5	0	0	0
0	0	5	0	0	0
0	0	5	0	0	0
0	0	5	0	0	0
0	0	5	0	0	0
0	0	0	0	0	4
0	0	0	0	0	4
0	0	0	0	0	4
0	0	0	0	2	2
0	0	0	0	2	2
0	0	0	0	2	2
0	0	0	0	2	2
0	0	0	0	2	2
0	0	0	0	2	2
0	0	0	0	2	2
0	0	0	0	2	2
0	0	0	0	4	0
0	0	0	0	4	0
0	0	0	0	4	0
0	0	0	0	4	0
0	0	0	0	4	0
0	0	0	0	4	0
0	0	0	0	4	0
0	0	0	2	0	2
0	0	0	2	0	2
0	0	0	2	0	2
0	0	0	2	0	2
0	0	0	2	0	2
0	0	0	2	0	2
0	0	0	2	0	2
0	0	0	2	0	2
0	0	0	2	2	0
0	0	0	2	2	0
0	0	0	2	2	0
0	0	0	2	2	0
0	0	0	2	2	0
0	0	0	4	0	0
0	0	0	4	0	0
0	0	2	0	0	2
0	0	2	0	0	2
0	0	2	0	0	2
0	0	2	0	0	2
0	0	2	0	0	2
0	0	2	0	0	2
0	0	2	0	0	2
0	0	2	0	0	2
0	0	2	0	0	2
0	0	2	0	0	2
0	0	2	0	2	0
0	2	0	0	0	2
0	2	0	0	0	2
0	0	2	0	2	0
0	0	2	0	2	0
0	0	2	0	2	0
0	2	0	0	0	2
0	0	2	0	2	0
0	2	0	0	2	0
0	2	0	0	2	0
0	2	0	0	2	0
0	2	0	0	2	0
0	2	0	0	2	0
0	2	0	0	2	0
0	2	0	0	2	0
0	2	0	0	2	0
0	2	0	0	2	0
2	0	0	0	0	2
2	0	0	0	0	2
2	0	0	0	0	2
2	0	0	0	0	2
2	0	0	0	0	2
0	0	2	2	0	0
0	2	0	2	0	0
2	0	0	0	2	0
0	2	0	2	0	0
0	2	0	2	0	0
0	2	0	2	0	0
0	2	0	2	0	0
2	0	0	0	2	0
2	0	0	0	2	0
0	2	0	2	0	0
2	0	0	0	2	0
2	0	0	2	0	0
2	0	0	2	0	0
4	0	0	0	0	0
4	0	0	0	0	0
4	0	0	0	0	0
4	0	0	0	0	0
4	0	0	0	0	0
4	0	0	0	0	0
4	0	0	0	0	0
4	0	0	0	0	0
4	0	0	0	0	0
4	0	0	0	0	0
4	0	0	0	0	0
4	0	0	0	0	0
4	0	0	0	0	0
2	2	0	0	0	0
2	2	0	0	0	0
2	2	0	0	0	0
2	2	0	0	0	0
2	0	2	0	0	0
0	4	0	0	0	0
0	4	0	0	0	0
0	4	0	0	0	0
0	4	0	0	0	0
0	4	0	0	0	0
0	2	2	0	0	0
0	2	2	0	0	0
0	2	2	0	0	0
0	2	2	0	0	0
0	2	2	0	0	0
0	2	2	0	0	0
0	2	2	0	0	0
0	2	2	0	0	0
0	2	2	0	0	0
0	2	2	0	0	0
0	0	4	0	0	0
0	0	4	0	0	0
0	0	4	0	0	0
0	0	4	0	0	0
0	0	4	0	0	0
0	0	4	0	0	0
0	0	4	0	0	0
0	0	4	0	0	0
0	0	4	0	0	0
0	0	4	0	0	0
0	0	4	0	0	0
0	0	4	0	0	0
0	0	4	0	0	0
0	0	4	0	0	0
0	0	4	0	0	0
0	0	4	0	0	0
0	0	4	0	0	0
0	0	0	0	0	3
0	0	0	0	0	3
0	0	0	0	0	3
0	0	0	0	0	3
0	0	0	0	0	3
0	0	0	0	0	3
0	0	0	0	0	3
0	0	0	0	0	3
0	0	0	0	0	3
0	0	0	0	0	3
0	0	0	0	0	3
0	0	0	0	0	3
0	0	0	0	0	3
0	0	0	0	0	3
0	0	0	0	0	3
0	0	0	0	0	3
0	0	0	0	0	3
0	0	0	0	0	3
0	0	0	0	0	3
0	0	0	0	3	0
0	0	0	0	3	0
0	0	0	0	3	0
0	0	0	0	3	0
0	0	0	0	3	0
0	0	0	0	3	0
0	0	0	0	3	0
0	0	0	0	3	0
0	0	0	0	3	0
0	0	0	0	3	0
0	0	0	0	3	0
0	0	0	0	3	0
0	0	0	0	3	0
0	0	0	0	3	0
0	0	0	0	3	0
0	0	0	0	3	0
0	0	0	0	3	0
0	0	0	0	3	0
0	0	0	3	0	0
0	0	0	3	0	0
0	0	0	3	0	0
0	0	0	3	0	0
0	0	0	3	0	0
0	0	0	3	0	0
0	0	0	3	0	0
0	0	0	3	0	0
0	0	0	3	0	0
0	0	0	3	0	0
3	0	0	0	0	0
3	0	0	0	0	0
3	0	0	0	0	0
3	0	0	0	0	0
3	0	0	0	0	0
3	0	0	0	0	0
3	0	0	0	0	0
3	0	0	0	0	0
3	0	0	0	0	0
3	0	0	0	0	0
3	0	0	0	0	0
3	0	0	0	0	0
3	0	0	0	0	0
3	0	0	0	0	0
3	0	0	0	0	0
3	0	0	0	0	0
3	0	0	0	0	0
3	0	0	0	0	0
3	0	0	0	0	0
3	0	0	0	0	0
3	0	0	0	0	0
3	0	0	0	0	0
3	0	0	0	0	0
3	0	0	0	0	0
3	0	0	0	0	0
3	0	0	0	0	0
3	0	0	0	0	0
3	0	0	0	0	0
3	0	0	0	0	0
0	3	0	0	0	0
0	3	0	0	0	0
0	3	0	0	0	0
0	3	0	0	0	0
0	3	0	0	0	0
0	3	0	0	0	0
0	3	0	0	0	0
0	3	0	0	0	0
0	3	0	0	0	0
0	3	0	0	0	0
0	3	0	0	0	0
0	3	0	0	0	0
0	3	0	0	0	0
0	3	0	0	0	0
0	3	0	0	0	0
0	3	0	0	0	0
0	3	0	0	0	0
0	3	0	0	0	0
0	3	0	0	0	0
0	0	3	0	0	0
0	0	3	0	0	0
0	0	3	0	0	0
0	0	3	0	0	0
0	0	3	0	0	0
0	0	3	0	0	0
0	0	3	0	0	0
0	0	3	0	0	0
0	0	3	0	0	0
0	0	3	0	0	0
0	0	3	0	0	0
0	0	3	0	0	0
0	0	3	0	0	0
0	0	3	0	0	0
0	0	3	0	0	0
0	0	3	0	0	0
0	0	3	0	0	0
0	0	3	0	0	0
0	0	3	0	0	0
0	0	3	0	0	0
0	0	3	0	0	0
0	0	3	0	0	0
0	0	3	0	0	0
0	0	3	0	0	0
0	0	3	0	0	0
0	0	3	0	0	0
0	0	3	0	0	0
0	0	3	0	0	0
0	0	3	0	0	0
0	0	3	0	0	0
0	0	3	0	0	0
0	0	0	0	0	2
0	0	0	0	0	2
0	0	0	0	0	2
0	0	0	0	0	2
0	0	0	0	0	2
0	0	0	0	0	2
0	0	0	0	0	2
0	0	0	0	0	2
0	0	0	0	0	2
0	0	0	0	0	2
0	0	0	0	0	2
0	0	0	0	0	2
0	0	0	0	0	2
0	0	0	0	0	2
0	0	0	0	0	2
0	0	0	0	0	2
0	0	0	0	0	2
0	0	0	0	0	2
0	0	0	0	0	2
0	0	0	0	0	2
0	0	0	0	0	2
0	0	0	0	0	2
0	0	0	0	0	2
0	0	0	0	0	2
0	0	0	0	0	2
0	0	0	0	0	2
0	0	0	0	0	2
0	0	0	0	0	2
0	0	0	0	0	2
0	0	0	0	0	2
0	0	0	0	0	2
0	0	0	0	0	2
0	0	0	0	0	2
0	0	0	0	0	2
0	0	0	0	0	2
0	0	0	0	0	2
0	0	0	0	0	2
0	0	0	0	0	2
0	0	0	0	0	2
0	0	0	0	0	2
0	0	0	0	0	2
0	0	0	0	0	2
0	0	0	0	0	2
0	0	0	0	0	2
0	0	0	0	0	2
0	0	0	0	0	2
0	0	0	0	0	2
0	0	0	0	0	2
0	0	0	0	0	2
0	0	0	0	0	2
0	0	0	0	2	0
0	0	0	0	2	0
0	0	0	0	2	0
0	0	0	0	2	0
0	0	0	0	2	0
0	0	0	0	2	0
0	0	0	0	2	0
0	0	0	0	2	0
0	0	0	0	2	0
0	0	0	0	2	0
0	0	0	0	2	0
0	0	0	0	2	0
0	0	0	0	2	0
0	0	0	0	2	0
0	0	0	0	2	0
0	0	0	0	2	0
0	0	0	0	2	0
0	0	0	0	2	0
0	0	0	0	2	0
0	0	0	0	2	0
0	0	0	0	2	0
0	0	0	0	2	0
0	0	0	0	2	0
0	0	0	0	2	0
0	0	0	0	2	0
0	0	0	0	2	0
0	0	0	2	0	0
0	0	0	2	0	0
0	0	0	2	0	0
0	0	0	2	0	0
0	0	0	2	0	0
0	0	0	2	0	0
0	0	0	2	0	0
0	0	0	2	0	0
0	0	0	2	0	0
0	0	0	2	0	0
0	0	0	2	0	0
0	0	0	2	0	0
0	0	0	2	0	0
0	0	0	2	0	0
0	0	0	2	0	0
0	0	0	2	0	0
0	0	0	2	0	0
0	0	0	2	0	0
0	0	0	2	0	0
0	0	0	2	0	0
0	0	0	2	0	0
0	0	0	2	0	0
0	0	0	2	0	0
0	0	0	2	0	0
0	0	0	2	0	0
0	0	0	2	0	0
0	0	0	2	0	0
0	0	0	2	0	0
0	0	0	2	0	0
0	0	0	2	0	0
0	0	0	2	0	0
0	0	0	2	0	0
0	0	0	2	0	0
0	0	0	2	0	0
0	0	0	2	0	0
0	0	0	2	0	0
0	0	0	2	0	0
0	0	0	2	0	0
0	0	0	2	0	0
0	0	0	2	0	0
0	0	0	2	0	0
2	0	0	0	0	0
2	0	0	0	0	0
2	0	0	0	0	0
2	0	0	0	0	0
2	0	0	0	0	0
2	0	0	0	0	0
2	0	0	0	0	0
2	0	0	0	0	0
2	0	0	0	0	0
2	0	0	0	0	0
2	0	0	0	0	0
2	0	0	0	0	0
2	0	0	0	0	0
2	0	0	0	0	0
2	0	0	0	0	0
2	0	0	0	0	0
2	0	0	0	0	0
2	0	0	0	0	0
2	0	0	0	0	0
2	0	0	0	0	0
2	0	0	0	0	0
2	0	0	0	0	0
2	0	0	0	0	0
2	0	0	0	0	0
2	0	0	0	0	0
2	0	0	0	0	0
2	0	0	0	0	0
2	0	0	0	0	0
2	0	0	0	0	0
2	0	0	0	0	0
2	0	0	0	0	0
2	0	0	0	0	0
2	0	0	0	0	0
2	0	0	0	0	0
2	0	0	0	0	0
2	0	0	0	0	0
2	0	0	0	0	0
2	0	0	0	0	0
2	0	0	0	0	0
2	0	0	0	0	0
2	0	0	0	0	0
2	0	0	0	0	0
2	0	0	0	0	0
2	0	0	0	0	0
2	0	0	0	0	0
2	0	0	0	0	0
2	0	0	0	0	0
2	0	0	0	0	0
2	0	0	0	0	0
2	0	0	0	0	0
2	0	0	0	0	0
2	0	0	0	0	0
2	0	0	0	0	0
2	0	0	0	0	0
2	0	0	0	0	0
2	0	0	0	0	0
2	0	0	0	0	0
2	0	0	0	0	0
2	0	0	0	0	0
2	0	0	0	0	0
2	0	0	0	0	0
2	0	0	0	0	0
2	0	0	0	0	0
0	2	0	0	0	0
0	2	0	0	0	0
0	2	0	0	0	0
0	2	0	0	0	0
0	2	0	0	0	0
0	2	0	0	0	0
0	2	0	0	0	0
0	2	0	0	0	0
0	2	0	0	0	0
0	2	0	0	0	0
0	2	0	0	0	0
0	2	0	0	0	0
0	2	0	0	0	0
0	2	0	0	0	0
0	2	0	0	0	0
0	2	0	0	0	0
0	2	0	0	0	0
0	2	0	0	0	0
0	2	0	0	0	0
0	2	0	0	0	0
0	2	0	0	0	0
0	2	0	0	0	0
0	2	0	0	0	0
0	2	0	0	0	0
0	2	0	0	0	0
0	2	0	0	0	0
0	2	0	0	0	0
0	2	0	0	0	0
0	2	0	0	0	0
0	2	0	0	0	0
0	2	0	0	0	0
0	2	0	0	0	0
0	2	0	0	0	0
0	2	0	0	0	0
0	2	0	0	0	0
0	2	0	0	0	0
0	2	0	0	0	0
0	2	0	0	0	0
0	2	0	0	0	0
0	2	0	0	0	0
0	2	0	0	0	0
0	2	0	0	0	0
0	2	0	0	0	0
0	2	0	0	0	0
0	2	0	0	0	0
0	2	0	0	0	0
0	2	0	0	0	0
0	2	0	0	0	0
0	2	0	0	0	0
0	2	0	0	0	0
0	2	0	0	0	0
0	2	0	0	0	0
0	2	0	0	0	0
0	2	0	0	0	0
0	2	0	0	0	0
0	2	0	0	0	0
0	2	0	0	0	0
0	2	0	0	0	0
0	2	0	0	0	0
0	2	0	0	0	0
0	2	0	0	0	0
0	0	2	0	0	0
0	0	2	0	0	0
0	0	2	0	0	0
0	0	2	0	0	0
0	0	2	0	0	0
0	0	2	0	0	0
0	0	2	0	0	0
0	0	2	0	0	0
0	0	2	0	0	0
0	0	2	0	0	0
0	0	2	0	0	0
0	0	2	0	0	0
0	0	2	0	0	0
0	0	2	0	0	0
0	0	2	0	0	0
0	0	2	0	0	0
0	0	2	0	0	0
0	0	2	0	0	0
0	0	2	0	0	0
0	0	2	0	0	0
0	0	2	0	0	0
0	0	2	0	0	0
0	0	2	0	0	0
0	0	2	0	0	0
0	0	2	0	0	0
0	0	2	0	0	0
0	0	2	0	0	0
0	0	2	0	0	0
0	0	2	0	0	0
0	0	2	0	0	0
0	0	2	0	0	0
0	0	2	0	0	0
0	0	2	0	0	0
0	0	2	0	0	0
0	0	2	0	0	0
0	0	2	0	0	0
0	0	2	0	0	0
0	0	2	0	0	0
0	0	2	0	0	0
0	0	2	0	0	0
0	0	2	0	0	0
0	0	2	0	0	0
0	0	2	0	0	0
0	0	2	0	0	0
0	0	2	0	0	0
0	0	2	0	0	0
0	0	2	0	0	0
0	0	2	0	0	0
0	0	2	0	0	0
0	0	2	0	0	0
0	0	2	0	0	0
0	0	2	0	0	0
0	0	2	0	0	0
