Control1	Control2	Treated1	Treated2
19632834.42	26434682.93	7595239.935	13965938.6
10267383.85	8903262.783	0	0
72400218.27	62917263.68	40132138.17	33769283.64
0	12237278.42	4464492.698	6023369.482
0	0	0	0
0	0	0	0
4378391.02	0	2033575.458	531082.9388
5096975.366	6805583.985	4627154.007	3451580.877
1387901.466	1201211.774	1670697.782	0
1126676.021	1081016.908	0	0
0	0	0	0
52308231.99	11489744.95	5693532.185	0
0	681950.3009	0	0
36923136.89	40619805.95	15753419.36	17986482.36
4222949.797	3668154.092	1923267.135	2765999.695
0	4925778.851	8118769.801	0
5302151.543	5372743.276	5357391.237	6695814.877
4280402.245	4009497.687	2964144.966	5854589.888
0	0	0	0
0	0	0	0
23927346.43	27284562.16	15176570.59	12907438.52
0	4627584.231	0	0
7409884.627	3771482.376	0	0
17068132.21	23107217.42	10246889.73	12231938.29
3785469.286	5141933.107	3459469.902	4450511.685
114655441.2	110066729.4	68870257.32	63693294.64
8942937.325	9154623.982	0	0
0	0	0	0
39602432.18	0	0	0
11744621.14	0	0	0
4056594.949	4211323.535	2275249.208	2164311.899
7086607.421	7610103.574	3473572.367	3766343.363
0	0	0	0
160835672	155409997.1	105212116.5	101095921.8
0	73713513.73	0	88956774.1
82187402.56	83096573.46	27604126.42	35917595.85
0	0	0	0
0	0	0	0
95151231.68	104474556.8	58554207.56	55273407.67
4930542.563	0	0	0
4746881.821	6193392.557	0	6736291.431
0	14724689.89	0	0
36572341.75	43726204.61	0	0
43093233.55	42044459	18719959.82	26865740.03
29080137.2	31213820.77	15812147.44	12453795.63
5540770.19	0	0	0
1480043.655	1463135.055	954408.4692	0
43704396.63	46033487.53	19932385.44	18818542.84
30542563.14	23085929.5	11323699.87	10344050.71
0	0	0	0
0	0	0	0
0	0	0	0
0	0	0	0
11112410.35	4191018.136	6411791.979	2287498.091
101527907.7	115544274.8	60389459.86	63727661.52
0	0	0	0
5813143.124	8201580.219	1895332.664	0
3387667.602	4540795.022	0	0
47431400.06	61914275.19	18773278.73	20940507.1
22341752.42	25047693.13	11475542.85	22234229.42
44744309.32	62951651.86	25638667.8	31412860.85
0	0	0	8188101.42
7643046.461	6322266.345	0	1453070.108
0	0	0	0
0	8827117.534	1660343.096	0
13132210.79	0	3130940.422	5224530.319
0	4899823.965	0	0
3303009.043	4218446.801	2118074.337	2688865.129
18902401	24766037.58	7173325.091	7084924.393
22604459	45021492.61	10627849.47	0
156002494.5	155590125.7	33936712.77	25401328.85
0	0	0	0
18780012.47	20799934.5	12762537.67	12134947.3
0	0	0	0
37151543.5	42317108.12	0	0
0	0	0	0
106930152.8	137159700.3	27018391.16	43466473.19
0	0	0	0
0	0	0	0
0	0	15159956.73	0
115224508.9	110680804	69867089.1	61157782.19
0	0	0	0
0	1645146.764	0	0
0	0	0	0
0	0	0	0
0	0	0	0
0	0	0	0
3002962.27	2608834.486	0	0
12765824.76	0	5751873.889	7483580.266
583543810.4	286281573.7	401514566.1	153589430.3
36821796.07	64259221.35	32952631.17	31072628.68
0	0	0	0
343677892.1	241683383.1	195247662.5	248564227.9
88189897.1	108363695.9	46673363.73	79780815.64
25211256.63	39008474.23	0	27007407.97
3602198.316	5477463.463	0	0
12765824.76	27549842.39	4411560.158	9088895.677
114172123.5	115405084.5	71458928.99	73911715.29
0	0	4126806.275	5172979.991
120034300	77336553.81	65041341.47	170730869.1
22994231.37	36995128.34	4160806.738	9952268.214
0	0	0	0
0	0	0	0
1792874.961	0	0	0
9718584.347	11049248.78	0	0
0	4628157.367	0	5645333.741
0	5189912.801	12341781.93	18071635.86
0	0	0	0
0	0	0	0
41793732.46	35455029.27	0	20710630.82
246936389.1	320203054	118483888.4	111776386.1
56419550.98	62634789.37	18942121.94	17658851.38
0	0	0	0
17945120.05	12886559.95	0	6630517.794
8935921.422	7595529.537	5549802.952	8842217.81
2820860.617	4623654.153	0	0
15127845.34	0	0	0
1907935.766	3354321.038	702418.6693	1514357.721
7541939.507	6720596.062	0	0
0	1934826.217	0	1213303.803
4064702.214	0	0	0
7682569.379	16034715.68	6538907.349	4765541.469
0	0	0	0
34545525.41	28173742.17	43253998.92	21032915.84
0	0	0	0
0	0	0	0
0	0	0	0
8359837.855	0	0	3917443.104
7513252.261	0	0	0
0	2442461.211	0	0
5244153.414	0	0	0
1896086.685	1664469.644	0	1572437.758
3485032.741	0	2523375.319	1301015.732
241713439.4	228927007	129653813.5	99847258.29
0	0	0	0
2480355.472	2778482.826	0	0
15693015.28	6727801.204	1995634.031	1743050.252
0	0	0	3411600.733
0	0	2193918.553	0
2572731.525	2235395.259	1358550.344	1485413.166
0	0	0	0
0	0	6121628.931	2490262.716
7199563.455	7271298.154	4915385.21	0
93724664.8	84439349.9	59334672.75	57755460.52
0	0	0	0
0	0	0	0
0	985303.1482	656672.591	486596.9146
67594324.91	113898554.9	47573603.28	51508324.42
0	0	0	0
14714686.62	11854914.64	0	0
158723105.7	153379457.2	21506838.73	7047502.673
0	3217668.973	939610.5401	0
0	0	0	0
4064390.396	4595652.352	0	3119902.245
0	0	0	0
141775802.9	150595652.4	101139788.3	179066748.1
0	0	0	0
87215466.17	193531747.7	94633335.91	115476554.1
6093155.597	8755884.881	9053782.552	9295096.991
0	0	0	0
0	0	0	0
116331462.4	123338928.2	100714782.5	123270200.1
5304646.087	0	1960706.282	14162211.7
71325226.07	133557129.4	62904721.43	57659996.95
0	0	0	0
130932335.5	63324190.44	122223939.4	60206965.02
264374805.1	219470258.3	251170697.8	171162364.4
0	0	0	0
74371686.93	92119376.1	92767174.1	99018634.49
0	0	0	0
0	37934253.08	44644926.98	51966549.56
30473963.21	28859049.41	40877830.15	27053994.2
12340193.33	0	20880148.37	24743012.07
23638914.87	18557334.1	18058496.25	363093.7834
0	15823474.02	15794760.84	21927218.57
0	0	0	0
20396788.28	28796004.42	0	27244157.63
16295603.37	10232120.19	17264121.78	13055979.84
0	0	0	0
0	0	0	0
134448082.3	73085520.12	59454447.11	69837330.07
16209073.9	28669095.67	5536666.409	0
0	0	0	0
0	0	0	0
26481135.02	21377983.38	4808361.023	0
4385406.922	6884840.545	2879530.175	4515045.059
0	0	0	0
0	0	0	0
0	10129774.43	0	7317855.506
592656.6885	620894.9114	706205.0846	0
38394917.37	32018667.87	0	0
0	0	0	0
0	0	4459856.271	6591568.657
42567040.85	41704671.06	39370991.42	35815640.75
0	0	0	3849854.895
6571562.208	6128628.157	2123444.865	1898961.356
3570704.708	9321652.27	2888378.023	7121200.55
0	0	0	0
14091830.37	14812297.87	7039255.081	5373453.49
56962114.13	59841159.37	28535661.85	7108217.504
0	0	0	0
0	620084.3329	0	0
708122.8563	11556065.01	7519897.999	0
138049579	116608670.7	27208871.03	29363448.91
11382132.83	9514062.308	0	7566060.791
0	0	0	0
0	9882507.062	0	0
0	8948294.92	6329495.402	8063998.778
24909572.81	16065828.8	2543505.139	9904918.283
12126598.07	11508576.58	4242330.577	7129983.198
0	0	0	0
0	0	0	0
27743217.96	72818602.37	8449501.584	25437986.86
69853445.59	58593359.81	31623522.14	37081869.56
18026192.7	38602366.23	12137392.78	25353215.21
2066962894	2211569165	1101499111	1169886971
0	5944160.151	1455722.123	5567053.612
216222326.2	269947189.6	137605285.5	147430120.7
0	0	0	0
0	0	0	5465480.373
81875584.66	90694723.05	56861911.75	44951886.36
0	0	0	0
0	0	0	0
0	0	0	0
3221078.89	4453187.047	1743335.136	2331602.261
0	0	0	0
0	0	0	0
0	0	0	0
0	0	0	0
11476457.75	0	0	0
4530168.382	6070495.763	2450003.864	0
8399594.637	0	5346572.908	6467847.869
16711100.72	27179760.1	7014141.102	11905834.73
5556672.903	6571007.492	1422494.398	2818008.248
0	0	0	0
0	0	0	0
25572185843	29582019896	9460242640	9680387964
170790458.4	446604167.5	69086623.91	159508171.7
24133146.24	28730503.13	35702032.3	18928516.88
0	0	0	0
0	0	0	0
0	5401809.473	1855343.482	2009355.43
0	1435378.884	0	0
25057686.31	36371228.56	0	5093936.154
21302619.27	45098456.63	17394714.47	11788987.32
6934674.15	0	0	0
294114437.2	330658697.3	117807742.8	106720635.4
27882756.47	51795144.72	13003245.5	20152741.71
6028375.429	6285503.746	0	0
0	0	6763001.314	0
0	0	0	0
0	29282351.5	11245266.98	1189896.136
77954474.59	92979080.53	39224171.24	48503131.21
183543810.4	182552094	80279731.09	90713303.8
25470845.03	28945019.86	6093037.632	6562547.732
1745868.413	1380439.677	0	0
150670408.5	186326605.8	57364191.33	60867572.93
81579357.66	121169198	36695773.12	41824499.77
0	0	0	0
0	0	0	0
5074524.478	6813935.399	0	0
7061272.217	6154910.55	6250676.146	4496716.053
4787652.011	4967044.664	3582451.124	5557125.401
0	2487657.101	0	0
0	0	0	0
25572965.39	2260285.749	11629317.67	13053306.86
0	0	0	0
8401933.271	9838293.691	0	0
0	0	0	0
0	0	0	0
17430620.52	0	0	0
3376987.839	3385843.534	1220462.097	1624904.536
0	0	0	0
0	4276251.689	0	0
0	3069226.675	0	3747670.689
0	0	0	0
4975444.341	9148073.853	0	0
0	0	0	0
79638291.24	93183772.06	40321458.93	0
0	9272526.303	0	7282724.912
87184284.38	82679002.74	55756896.68	52776080.65
19644527.6	11169607.4	0	4254238.583
4716713.439	5814221.967	0	0
10247115.68	26640193.23	3516652.5	10502520.24
5764733.396	14302206.57	8916235.221	8904460.058
4287184.284	6389732.673	0	0
7315325.85	0	0	0
0	0	3058921.258	6581258.592
0	0	0	0
0	1643099.849	0	0
14176800.75	15138985.55	7031527.703	9892698.946
0	0	0	0
15820081.07	0	7967313.191	0
0	0	0	0
0	0	0	0
5542485.189	7295779.261	0	4280968.382
16849859.68	15701477.87	9496174.948	8009393.615
0	3833135.465	883548.412	1806399.878
0	0	0	0
0	0	0	0
0	0	0	0
16656532.58	21268268.72	16001081.83	18468764.32
285531649.5	355934007.5	154663472.7	187925767.5
0	0	0	0
8882912.379	11435706.39	3769801.406	5427676.799
0	0	0	0
36325226.07	38169238.96	20071864.62	18377501.15
0	0	0	0
1881821.017	0	0	0
0	0	0	0
0	0	0	0
0	12979080.53	0	0
0	0	0	0
0	0	0	0
14393514.19	13011012.4	5776215.13	8118603.941
60999376.36	79752732.63	27291940.34	26644646.4
0	14089327.38	1884089.328	3746066.901
66291705.64	74621525.36	27752492.08	35581564.08
0	0	0	0
6925163.704	9727760.265	2469979.136	2859783.107
0	0	0	0
4306283.131	5044090.556	1838497.798	1399305.025
0	0	0	0
70730433.43	78050517.87	37862607.22	44757140.68
8602276.271	8646170.221	6422223.939	6162364.442
0	0	0	0
0	0	0	0
0	4920129.365	0	0
3999922.046	7080116.265	0	4237436.994
4186311.194	4573545.667	0	0
0	0	0	0
24960243.22	65804233.02	7877675.605	6966167.71
0	0	0	0
0	0	0	298968.9934
1504911.132	1967413.108	0	0
6760757.717	5068981.046	5991422.61	4217198.717
5549267.228	1770745.487	0	1768978.158
251629248.5	417316903.4	105297117.7	96364747.21
72308231.99	85094362.8	34627540.38	40705666.72
22439195.51	24294428.3	16775365.12	25416221.17
39690520.74	24904409.06	20430028.59	24563922.41
0	16756048.63	4236148.675	7152130.747
8944496.414	14111434.07	6645158.798	5767145.257
8184440.287	22286813.77	0	3582251.413
8304490.178	0	0	3522567.588
1696679.139	2538911.86	1443551.503	577325.4926
0	0	0	0
2093545.37	0	0	1081487.704
7729420.019	10247676.75	2468704.119	0
8537574.057	0	3385016.614	3614747.212
0	0	0	0
0	12584435.26	2243141.952	5795784.329
0	2739837.066	0	0
0	0	0	1769321.827
3846429.685	3464854.464	0	1355048.114
0	0	0	0
0	0	0	0
0	0	0	0
0	0	0	0
0	6303762.23	0	2468458.836
0	8530724.199	6392087.165	5778600.886
0	0	0	0
0	0	0	0
22858590.58	22942645.43	20227184.92	14492897.51
0	0	0	0
0	2147787.285	993277.1811	711432.7173
59244621.14	78851271.13	32972722.36	30924469.22
90208917.99	99873091.25	92937176.42	83694822.06
0	0	0	0
39804334.27	51986735.99	33400432.73	30913777.3
0	0	0	0
16011849.08	0	8502047.755	8495875.974
0	0	2483965.69	0
2846507640	2847996070	2003940963	1663319077
4586607.421	6805092.725	3064755.428	5718267.909
0	0	0	0
21176333.02	17185082.08	8847847.925	8394302.734
173347365.1	154050845.4	77992427.17	61570184.82
41663548.49	29510787.24	10746851.09	16137925.77
212963829.1	298563065.5	105188934.4	119428746
0	0	0	0
139031805.4	123027797.1	64767019.55	58943027.34
10802931.09	9868588.038	3653543.003	3588972.048
18879014.66	19390019.24	6352677.537	7491981.06
0	0	0	0
0	0	0	0
0	0	0	0
0	7785155.77	3547716.56	3403467.237
12268475.21	9009702.379	0	7182679.09
24726379.79	19128832.85	0	10211547.27
198058933.6	253326237.4	187091414.9	199163739.1
120556594.9	142645433.3	58306931.46	68978157.93
0	0	0	0
39110539.44	42195111.97	22451897.07	0
25736669.78	21146272.57	17994359.01	13299221.02
0	0	0	0
116432803.2	115814467.6	67278417.43	60111501.45
7780246.336	15533630.82	5517347.964	4563158.699
15005456.81	16443279.98	0	0
10842687.87	5212674.5	1779228.808	1951046.281
0	0	0	0
7347287.184	5619846.891	0	0
0	0	0	0
11840505.14	10124043.07	0	4635329.158
0	8079174.684	0	2817091.798
0	21336226.31	1898423.615	8577210.936
9032584.97	6744012.773	2949733.405	0
0	0	0	0
0	0	0	0
3223183.661	0	0	2662593.554
6165341.441	9338846.359	0	5643042.615
7057452.448	8435747.329	5538598.254	0
23638914.87	27553936.22	10531643.61	11841683.21
63567196.76	97416792.89	26588362.57	0
16407078.27	21507348.43	0	0
19879950.11	22061653.09	3652615.717	15385290.97
4068989.71	1006591.067	0	1628723.079
0	1896016.703	0	0
0	1600933.393	0	865319.9939
1338478.329	2511974.454	0	0
0	0	0	0
11686934.83	14246530.48	3871416.428	0
23800280.64	23023703.28	0	12668779.59
0	0	0	0
3336529.467	3607565.399	2804458.697	2564266.076
26335360.15	1590207.557	16383587.05	0
2653258.497	3610349.204	1743026.041	2517870.781
123269410.7	154222786.3	63909280.58	88250343.67
191167758	163564907.7	90607371.92	165992057.4
269153414.4	288312113.6	207337145.5	245318466.5
409697536.6	448872149.7	295417664.8	313025049.6
415887121.9	523682810	224109419.7	334695280.3
2459151.855	18023498.59	5091183.062	10636551.09
0	3692962.705	1180395.642	0
0	0	0	0
69086373.56	88205674.05	49957499.42	53864365.36
207343311.5	293797846.6	131392473.5	152527875.4
13463517.31	10801981.41	5646781.547	5495646.861
25208917.99	13428583.13	0	0
0	0	0	0
0	0	0	0
0	0	0	0
0	0	0	0
0	2342817.374	0	1448182.374
0	0	0	0
0	0	0	0
0	0	0	0
0	0	0	0
9745088.868	8154828.673	11917548.88	6069573.851
0	0	0	0
0	0	0	0
0	0	0	0
18808855.63	0	11824047.6	12841759.58
0	0	0	0
0	0	0	0
5769254.755	9610676.71	4836952.322	5556743.547
0	0	0	0
0	0	0	0
18109603.99	10813444.14	7670195.503	7169314.19
0	0	0	0
0	0	0	0
27100873.09	22584025.87	12375782.4	12019627.31
307834424.7	273369632	115304072.3	183431342.6
0	0	0	0
14435609.6	19257379.13	9855111.661	12564915.23
0	0	0	0
2675631.431	0	1833475.002	2657973.117
29422357.34	4225488.189	12899698.63	0
18146242.59	24507307.49	0	7487016.954
0	0	0	0
18022294.98	14883530.52	10210957.42	8532533.985
0	0	0	0
0	6181929.832	0	2562318.619
680355.4724	0	0	2174049.183
0	0	0	0
0	0	0	0
0	0	0	2772949.442
0	0	0	0
0	0	0	0
0	0	0	0
0	0	0	0
6328967.883	7364146.232	3113283.363	3455934.016
0	0	0	0
0	6248741.147	0	0
20064702.21	22493961.6	25392164.44	21209714.37
0	0	0	0
14312441.53	12169320.83	6406382.814	8385901.94
9729497.973	3478364.105	0	0
8509510.446	0	0	6698487.857
0	0	0	0
131166198.9	32310148.61	70442778.77	60466625.94
0	0	0	0
24911911.44	27857698.45	19945135.62	12103635.25
3698628.001	0	0	0
7268319.302	7052769.476	5361254.926	4723919.352
0	0	0	0
0	0	0	0
1970922.981	923895.6892	1093308.091	726515.9615
0	0	0	0
0	0	0	0
4108356.72	7007164.204	5268526.389	4295096.991
2506859.994	2382118.148	0	2520887.429
0	0	1468433.66	1995188.636
16713439.35	27071682.97	0	9469986.253
0	0	0	0
1559713.128	1522741.229	813886.0984	1228043.379
0	0	0	0
0	0	0	0
57182725.29	53917386.5	23211884.71	23354208.03
5625038.977	5896671.716	0	3138651.291
745790.4584	0	4609767.406	4035436.078
3581774.244	6851189.258	0	6089048.419
0	0	0	0
3398425.32	1941703.852	0	1937032.229
0	10490850.29	0	0
0	0	0	0
0	15117697.63	0	6505269.589
0	0	0	0
0	0	0	0
0	0	0	0
0	0	0	0
0	0	8757437.601	7569115.625
0	0	0	0
0	0	0	0
0	0	0	13023140.37
0	0	0	0
14050514.5	16069922.63	6096128.584	5816786.314
12386966.01	0	5726759.91	0
2735344.559	2209276.62	2538018.7	2633190.774
453359.8379	0	0	0
0	0	0	0
5689819.146	6567323.044	3892280.349	4761341.072
0	0	0	0
0	0	0	0
0	0	0	0
0	0	0	0
0	0	0	0
9002182.725	8593769.19	4931612.704	5594547.121
0	0	0	0
0	0	1887875.744	1332060.486
0	0	0	0
0	2526794.121	0	1535550.634
0	2881483.604	0	0
3975990.022	8658451.713	0	0
0	0	0	0
0	0	0	0
113899282.8	66119457.98	43474229.19	33713914.77
3220611.163	3885208.99	6297426.783	7348785.703
8209385.719	7527490.072	0	6393768.138
7843779.233	0	2344602.426	19847640.14
0	2614729.602	2370527.78	0
7615138.759	8373521.104	0	0
0	0	0	0
1818132.211	1572604.086	0	0
0	0	0	0
0	0	0	0
0	13617718.1	0	4372613.411
0	0	0	0
3203149.361	4008105.785	1535545.939	1957308.691
0	0	0	0
0	4149342.94	0	0
0	0	0	0
0	0	0	0
203663860.3	50252589.35	2413066996	56376966.55
0	0	0	0
6128780.792	6131739.469	0	3609286.696
2792407.234	0	0	0
2668927.346	5269906.251	0	0
0	0	0	0
2335983.785	2175789.086	0	0
0	0	0	0
0	0	0	0
0	0	3326095.356	4672369.024
982226.3798	10384410.69	0	0
0	0	0	0
2534377.923	1650141.237	1248435.206	1485756.835
874961022.8	747746346.3	387450738	374171376.2
99017773.62	91079543.13	44946294.72	38647472.12
3815325.85	3394768.084	2122015.3	2366198.259
6459697.537	0	4362491.307	4489842.676
1416822.576	0	0	0
0	0	0	0
0	0	0	0
0	0	0	0
18157156.22	13826503.46	7591376.246	6022987.628
1423838.478	5046874.36	434201.3755	1523331.297
97942001.87	100888361.2	55915307.94	46475484.95
3981290.926	3064150.325	0	0
7227081.384	6612437.057	2753573.912	2126088.285
4119504.21	16419535.76	1751642.068	1330685.81
26970689.12	30721742.33	4655358.937	10782037.57
0	3180251.361	28602117.3	22403009.01
13782351.11	14399639.74	4809520.13	6559874.752
2994465.232	0	1322154.393	0
0	0	0	0
6782740.879	0	0	0
4128936.701	0	328571.9805	0
0	0	0	0
0	0	0	0
0	0	0	0
19128468.97	0	5047909.744	0
9878391.02	11611741.11	4352445.715	0
17511693.17	18097187.54	11889343.95	11313960.59
13356719.68	13366356.9	3538211.885	6682068.123
0	6288533.18	0	2558423.706
0	0	0	0
2009198.628	1898964.261	0	0
5550904.272	0	0	0
26084346.74	33390101.12	11699636.81	15261570.18
0	9396978.753	2404798.702	4133954.483
0	3722929.545	1194536.744	0
5270502.027	4236950.915	4408469.206	0
0	0	0	0
0	0	10839966	0
18518864.98	14426659.02	0	0
0	3528390.715	0	0
54008419.08	104245302.3	14178579.71	32621429.66
0	0	0	0
0	0	0	0
0	0	0	0
7345260.368	8405452.982	5914921.567	6386512.907
0	0	0	5856117.306
0	0	0	0
3600327.409	0	0	0
0	0	0	0
4820003.118	6646252.098	2324124.874	3405300.137
1195353.913	11396405.62	0	0
35142656.69	27597330.82	7358395.796	8567282.725
35921421.89	49100585.42	39177806.97	41759584.54
8226535.703	13620993.16	0	14478005.19
4263875.896	1803250.501	0	0
117259120.7	200016375.3	73035314.12	60772109.36
11592609.92	15409997.13	9755814.852	7252176.569
7720377.3	6150734.843	0	2447762.334
3015357.031	5543456.012	0	0
1701902.089	0	0	0
0	3586768.74	0	0
549306.2052	2604822.532	0	0
0	0	0	1732052.849
5398659.183	3745363.737	3742755.583	2329692.989
204653882.1	261341957.7	102557762.2	91950511.68
5882990.334	8533180.497	4261649.022	0
3666822.576	0	0	0
0	0	0	0
2912768.943	4695378.065	1783440.229	1961700.015
8824446.523	28138535.23	12354145.74	12919657.86
8234331.151	10550620.22	4717564.33	4667786.773
0	15451754.21	5058341.705	7176187.567
0	14172841.53	2660536.28	3180235.222
14462893.67	13598067.71	8019472.993	9588742.936
7463517.306	8910631.678	7521057.105	5988238.888
25120049.89	0	16314813.38	15844661.68
2355550.359	0	0	0
5484642.969	4399885.373	0	0
4588946.056	6178163.508	4478401.978	0
25339101.96	26220166.21	13961054.01	16881777.91
0	0	17228962.21	16789751.03
0	1615834.937	9217989.336	663166.3357
3522372.934	10637409.42	13727300.83	18262563.01
0	0	0	0
0	0	0	0
0	0	0	0
0	0	0	0
0	0	0	0
3193638.915	0	0	4750649.152
2506158.403	1981168.379	2092071.71	2128417.596
2392266.916	2689810.456	0	0
0	0	0	0
61227003.43	70559626.64	36166061.36	36612188.79
10840349.24	20174397.18	10651417.97	14912937.22
67414250.08	72238915.95	51016150.22	51607606.54
0	4323740.124	43899234.99	49946540.4
21954318.68	22264707.09	14164284.06	17558805.56
0	0	0	0
36233239.79	55862774.8	29324627.15	33525278.75
0	0	0	0
0	0	0	0
38076863.11	58015310.93	7650877.057	7963952.956
0	0	0	0
35891019.64	648561.0185	13897303.15	13663510
0	0	0	0
0	0	0	0
0	0	0	0
120229186.2	67802022.35	93165134.07	66614479.91
7843779.233	7584230.565	4878293.795	7792882.236
96772684.75	104843001.6	54134147.28	63578738.35
0	0	0	0
0	0	0	0
0	0	0	0
0	28523355.3	6590294.413	9072857.797
60689897.1	62690465.47	31020013.91	37673743.7
0	6192246.285	0	10467007.79
80963517.31	84218283.05	48133838.19	52531693.91
5064234.487	8220411.839	3888416.66	5817931.877
8818210.165	25780488.8	10977513.33	19888880.4
41107733.08	42140254.64	27334054.56	31477394.23
0	4107258.362	0	0
15188649.83	17954722.23	6100765.01	8049870.17
0	2694886.806	0	0
10063143.12	15642526.71	0	0
13253819.77	9021983.87	0	0
20524633.61	16975477.95	9255853.489	9253093.02
20406922.36	18308429.2	9722200.757	0
0	0	0	0
4221312.753	3553444.958	0	2029326.409
39713907.08	65056699.55	42438760.53	59279059.11
15785781.1	30136324.56	12493624.91	13167099.43
0	0	0	0
21290926.1	0	0	0
1538743.374	2453596.43	0	2046700.779
5180074.836	5302001.883	0	4278677.257
0	0	0	0
2173214.843	3125066.525	0	0
1698550.047	2823514.963	0	0
34342064.23	38976542.35	0	0
22681633.93	0	0	0
2111708.762	5014123.716	1270767.329	2770314.648
0	0	0	0
0	0	1653156.634	1298610.05
0	0	0	0
0	0	0	0
28560180.85	25747738.16	0	20913013.59
12720611.16	59972980.72	11343404.68	46433480.98
8583567.197	9526343.8	6859979.909	6795478.845
0	0	14108260.57	11022987.63
22625506.7	27481066.03	14961749.48	16673285.47
0	0	0	0
408216401.6	397265321.2	298365659.5	396135634.6
0	0	0	0
10540224.51	8613419.577	8016768.41	0
0	0	0	0
0	1813321.325	0	9785397.892
0	0	0	0
0	0	0	0
14633613.97	15034183.49	5767328.645	6153963.647
25593233.55	38276497.32	11019241.17	0
0	0	0	0
12273932.02	10089654.89	6122015.3	0
0	8442297.458	5188548.026	0
2109837.855	78797232.57	10940035.55	16013441.27
0	62534899.91	11690750.33	26467847.87
46143592.14	56368772.26	26047059.73	28013594.01
10280636.11	11036967.29	5827215.826	6667175.806
83559401.31	0	35492233.99	41022605.77
504747.4275	0	0	162345.349
0	0	0	0
2967804.802	5800057.314	0	0
4575537.886	13453964.87	0	0
0	0	0	0
0	2780447.865	0	1027837.177
3608434.674	0	3151263.426	4293569.574
0	0	0	0
8887589.648	9762148.442	0	4873606.232
2880651.699	0	0	1168703.223
9222014.344	11879477.63	4106328.723	5005727.814
0	0	0	0
0	5468293.282	0	0
10105238.54	13899373.64	0	6077592.791
13316183.35	8892618.823	0	0
612301216.1	654259630.7	179889498.5	187918130.4
26773464.3	47998526.22	5149138.397	0
0	0	0	0
8217960.711	7363409.342	9403060.042	7094088.896
332507015.9	305563515.8	346773819.6	354028562.7
2292017.462	21796372.87	29455606.21	17192607.3
0	0	0	0
66750077.95	71937610.02	1829340.855	2591492.287
0	0	53531411.79	50248205.28
50273620.21	50029066.2	24351672.98	17156713
9273464.297	13406476.44	2222818.948	0
63788587.46	53173128.1	23672822.81	19393233.54
0	0	0	0
0	3663814.631	1393516.73	0
0	8204855.283	8334363.65	0
0	0	0	0
13292017.46	12570516.23	0	5620895.066
0	0	0	0
3597910.82	3955704.753	0	1831487.704
0	0	0	0
1644449641	1927702952	1318445252	1285817932
222294979.7	276382691.3	97399737.27	159259966.4
0	20524829.08	5647554.285	18836490
0	0	0	0
0	8558562.247	9417355.691	5288681.839
0	0	0	0
20307140.63	25253203.42	11934549.11	5752634.795
0	0	0	0
0	0	0	0
8645151.232	8916363.041	0	5000381.854
0	0	0	0
6522294.98	6330454.006	9163124.952	8542462.196
0	0	0	0
7805581.54	22020714.78	9467970.018	10532304.87
0	0	0	0
1917368.257	3088713.309	0	1558270.964
0	0	0	0
862410.3524	720571.4988	0	1046700.779
11213751.17	0	0	0
0	0	0	0
6275413.159	7024685.799	2904489.607	3020620.131
4736124.104	10643959.55	1917935.245	3369100.351
169169005.3	216129692.6	84015918.4	80113028.87
3952993.452	4128955.664	2083301.136	2382465.251
0	0	0	0
367095416.3	468383346.3	191337609.1	215774400.5
396211412.5	3819462.071	240035545.9	112345349
0	0	0	0
3290302.463	3814467.597	944556.0621	0
0	0	0	0
0	0	0	0
0	0	267177.9615	0
0	14324313.26	0	0
41026660.43	41653088.8	19070782.78	18674201.92
0	0	0	2789903.773
6070159.027	7684611.291	1783633.413	3415190.163
79326473.34	70260777.01	37908198.75	21287230.79
29978172.75	28331764.03	13861370.84	12046357.11
10424072.34	4099971.343	6336836.411	3868565.755
49290614.28	29368321.94	0	0
0	0	5316049.764	7985336.795
0	0	0	0
11778141.57	13382732.22	6213584.731	12479379.87
0	0	0	0
19830838.79	30327915.83	9097828.607	12219718.96
59722482.07	45882834.57	14520902.56	11383458.07
0	6939943.505	0	0
0	0	0	0
1898035.547	1103860.482	568387.2962	555139.7587
0	0	0	0
17468818.21	20664838.09	16277721.97	25960745.38
11747739.32	8693658.656	11526157.17	16236444.17
0	22905800.96	11360791.28	13133114.4
0	0	0	0
6814780.168	10783968.56	6157561.239	6349473.041
23805737.45	20333237.81	0	13896059.26
0	0	0	0
19775491.11	20613255.82	11784637.97	9894608.218
0	3891840.996	1843945.599	2219337.101
36605862.18	35976583.29	24267444.56	21678631.43
0	0	0	0
0	0	0	0
25124727.16	11920415.93	19316899.78	6589659.386
0	0	0	0
0	0	0	0
6671499.844	0	8371068.696	0
5312519.489	4701355.058	2563248.59	0
0	0	0	0
0	0	0	0
0	0	0	1923361.845
2272918.616	1674294.838	592573.9896	719871.697
1415497.35	1321816.023	4711382.428	3062509.546
8417524.166	21702214.76	2405841.898	6410187.872
0	0	0	0
17457904.58	17676341.75	13241248.74	16737055.14
6002728.407	0	0	0
2841596.508	0	0	0
0	0	0	0
0	0	0	0
7134627.378	10643140.79	0	0
41301839.73	39535759.61	31803183.68	6116923.782
1709151.855	6862733.86	0	5544524.21
0	5345642.117	16630090.41	27431648.08
11916900.53	17054898.27	7867630.013	12306018.02
0	0	0	0
6429918.927	6850779.875	4151533.885	0
2892422.825	2623572.277	2149408.856	0
0	5368158.186	2918012.518	2810523.904
0	7982642.158	0	3062242.248
6530246.336	0	0	0
0	0	0	0
11016526.35	7516272.977	0	0
0	9561550.743	5999922.726	4344738.048
0	0	0	3475370.399
67447770.5	79315511.52	30468279.11	31779822.82
5396554.412	9231587.997	0	0
10304802	15869324.93	0	6671376.203
50442001.87	64681704.67	46758364.89	48919352.38
102720611.2	69180005.73	65844988.8	42511837.48
7877299.657	8734596.962	0	9235145.868
13302931.09	14626437.96	5447028.823	5028639.071
25856719.68	31334179.39	10064909.98	9523063.999
30911287.81	28357964.55	11575226.03	0
2102821.952	0	2146974.731	0
0	0	0	0
7127923.293	9858762.844	5573371.455	5601038.644
0	6850452.368	0	0
0	0	0	0
31723573.43	59164858.56	10449347.04	28023904.08
117212348	161477054.1	34076191.95	7944478.387
67107109.45	55456666.8	29853566.18	24343974.34
242438416	370819175.5	78881075.65	100198564.2
73473651.39	110033978.8	47492465.81	53490148.16
17263018.4	23237401.24	6425701.26	6153963.647
0	0	0	0
64759120.67	60992344.54	20651031.6	26934091.95
2029388.837	0	0	0
12703461.18	10314815.57	5608917.394	4215671.3
68120517.62	55293732.35	0	14195433.02
0	0	0	0
15838010.6	22041183.94	9848543.389	13765083.24
16711880.26	20226798.22	18299204.08	37613028.87
0	2269210.3	1046943.822	0
20297786.09	23334834.4	32426396.72	35384527.26
3457202.993	4724526.139	3012325.168	4436001.222
53203149.36	61348507.8	11458156.25	39594470.75
0	0	0	0
0	0	0	0
24939975.05	13291030.42	11517657.06	14211470.9
0	5631391.493	0	0
0	0	0	0
0	0	0	0
2661209.853	0	0	0
0	0	0	0
3534455.878	5184918.328	0	0
0	0	0	0
0	0	0	0
0	0	0	0
10483317.74	12604904.41	4235762.306	4754085.841
0	0	0	0
58546149.05	65010029.88	44185147.98	21979150.76
51711880.26	38964260.86	39135306.39	6291431.19
0	0	7001390.928	0
0	6304990.379	0	4279822.82
13076863.11	0	7290008.5	0
0	0	0	0
7287184.284	6447537.561	5290935.785	5945089.354
22284066.11	28196667.62	9652267.985	6912708.111
0	0	0	0
30473183.66	26596798.62	11912912.45	19698335.12
11461646.4	15219224.63	8027200.371	8413777.303
10146554.41	0	6621590.294	0
0	0	0	0
0	0	0	0
13865762.39	40315224.96	0	0
27702681.63	19534940.84	4079282.899	0
0	28978589.27	0	0
90169940.75	66219347.44	44320377.1	38872766.15
13882912.38	14530642.32	6650567.962	9678478.693
7180074.836	7190977.197	0	0
0	0	2119967.545	2588361.081
0	4080320.956	0	0
0	0	0	0
52136732.15	37199819.87	18196429.95	0
0	0	0	0
237613034	231530683.3	269422764.9	126191385.4
20201122.54	23204650.59	0	0
0	0	0	0
0	0	0	0
76706423.45	87002087.85	45881307.47	51053917.82
0	2743767.143	0	0
0	0	173209.1801	0
0	0	0	0
2149906.455	0	0	0
0	0	0	0
0	0	3497565.876	2301817.626
0	0	0	281800.8248
0	0	0	0
0	13424489.29	8151997.527	9548648.236
0	11157325.91	7082528.398	5592255.995
0	0	0	571444.9366
0	0	0	0
9039600.873	10866663.94	9233444.092	0
4605472.404	4714537.192	0	0
0	0	0	0
0	0	0	0
0	0	0	0
0	0	0	0
0	0	0	0
8425319.613	7469439.555	2036627.772	2650412.403
0	0	0	0
20381976.93	25504564.62	0	1418168.627
0	0	0	0
9670252.572	8849224.219	0	0
0	0	6950776.601	10880937.83
0	0	0	0
0	0	0	0
0	1497359.479	0	613181.6099
132592765.8	7367175.666	56460088.09	63013594.01
19692859.37	21031645.31	15342709.22	13787994.5
0	0	0	0
0	0	0	6619444.02
0	0	0	0
0	0	0	0
19219675.71	27836410.53	13519047.99	19693752.86
0	0	0	0
12092298.1	19290948.54	7336372.769	7886054.682
0	0	0	0
0	0	0	0
0	0	0	0
15543342.69	12587710.32	0	5522376.661
0	0	900935.0128	1113601.65
12365918.3	8006795.759	5923421.683	4333282.419
38085438.1	32815327.3	0	0
0	0	0	0
2078188.338	2966144.021	845259.2535	1321215.824
3654973.495	0	0	3303383.229
0	0	0	0
0	0	0	0
0	0	0	7923094.547
8812753.352	4680804.028	13704505.06	0
44549423.14	42503786.79	62657445.33	58416068.43
4018631.119	23262782.99	5024341.241	18023522.22
5025802.931	0	6572907.812	0
0	10562901.71	7400510.007	7974263.021
6506704.085	0	2635731.396	2981747.365
0	0	0	1838246.525
0	0	0	7214372.995
0	0	0	0
0	0	0	0
3378858.746	4966062.144	0	0
20529310.88	13940311.95	14938567.34	13865510.92
930854.381	17457731.2	13049609.77	13485947.76
0	0	0	0
0	0	0	0
0	0	0	0
2944262.551	0	1591839.889	1227661.524
0	0	0	0
0	0	0	0
4619036.483	0	0	0
6698628.001	7964711.18	17107642.38	11309378.34
4553476.77	4360420.846	3080751.101	0
0	0	0	0
0	0	0	0
51408637.36	49166905.47	13123019.86	17725294.03
75538665.42	82187743.07	49064987.25	52134565.45
2289678.828	18030048.72	2112781.083	8763555.827
0	0	0	0
0	36333565.32	20812147.44	20122957.08
0	0	4031373.155	0
89250077.95	77117124.49	47592921.72	10693065.53
0	0	0	0
7836763.33	6461292.832	2649447.492	734343.9743
9023230.433	9157080.28	0	0
30084190.83	32112007.21	23115292.48	26261264.7
0	0	0	0
4346117.867	3946288.943	1804651.882	1876737.437
37331618.33	30922340.03	2521057.105	2298457.309
9954006.86	12003111.31	0	13333587.9
0	0	1751757.979	2030739.27
3996258.185	4903835.919	0	0
0	0	0	0
5599625.819	3735047.284	0	0
0	0	0	0
90279077.02	94772178.33	33070087.32	39980143.58
33557062.68	36235313.38	14828452.21	19030471.97
0	0	0	0
8355940.131	11339910.75	0	6488468.001
5999688.182	7164121.669	2421412.565	3921261.647
0	0	0	0
0	0	0	0
719254755.2	784173250.9	380716327.9	217194898.4
0	0	0	0
5408325.538	0	2352407.078	0
5009276.582	4283620.584	0	0
7549267.228	0	0	0
0	0	0	0
0	0	0	559111.0432
0	6940107.258	0	1689285.169
0	0	0	0
3902478.952	3304785.688	0	2198678.784
0	0	0	0
9864359.214	7648913.088	4416196.584	4322972.354
34610227.63	0	5021250.29	29035054.22
0	21215048.92	0	0
10495790.46	14649363.41	6990186.23	12144493.66
170268163.4	130470381.1	120365505	129631892.5
15940910.51	12462439.1	9555289.39	0
0	0	0	0
0	0	0	0
212683193	283022884.5	209543312	53161753.47
41976925.48	46982437.47	19327331.74	12928440.51
0	0	0	0
935843467.4	1223154706	993277181.1	956354055.3
121024321.8	180505178.7	68673209.18	122666870.3
0	0	0	0
13200810.73	17240758.18	9170852.33	13929662.44
191206735.3	194555205.3	141959663.1	264422636.3
17068132.21	19870634.95	11895139.48	13957919.66
3193794.824	4305563.516	2638088.247	3423972.812
63490021.83	86928398.9	32808515.57	57812738.66
0	0	0	0
3787418.148	4564621.116	2847963.836	0
5936934.83	6021861.055	2973649.641	2946769.513
0	0	0	0
9490957.281	12541040.65	4638358.705	8124331.755
2573666.978	2805256.478	0	0
178079201.7	187014369.3	71513020.63	77474415.76
20848924.23	17985835.35	23977281.51	0
0	0	0	0
108403492.4	9294632.988	0	0
0	0	0	0
10112254.44	9330658.697	0	0
162106329.9	213526016.3	77281508.38	80330685.81
0	0	0	0
130675085.7	155696565.3	38216521.13	48388574.92
28172747.12	38373111.72	15475620.12	15084389.8
0	0	0	0
161872466.5	146706513.3	16912912.45	68645944.71
14873713.75	27546567.32	3570821.42	6236062.319
0	0	0	0
117188961.6	105219634	65783169.77	62803574.16
697988774.6	787743071.2	389730314.5	394608217.5
2184908.014	4517869.571	1356348.041	1034137.773
0	0	0	0
12697224.82	17162975.4	9913839.734	6777913.548
0	0	0	0
0	0	0	0
0	0	0	0
99391955.1	100986613.2	95804033.69	122021536.6
886186467.1	798681786.5	56954640.29	607148312.2
2697614593	2077127768	1978208794	1686306705
122887433.7	102001883.2	99632949.54	86043225.9
3591050.826	3609530.438	3275249.208	2209408.89
0	0	0	0
5438883.692	0	0	0
14145618.96	15108691.2	3920485.279	0
5450810.727	0	0	0
5810882.445	0	2871339.155	3173018.176
7771125.663	8489785.893	0	5557889.11
17623947.61	12732631.92	11194652.65	9404307.316
0	0	0	0
4476145.931	0	0	0
12294200.19	9443648.422	7609921.953	10057278.14
6013953.851	3360543.661	0	0
1578266.292	1435051.378	11792751.72	8961356.346
0	2847013.551	929719.4962	3128341.225
6407078.266	3043026.16	0	0
22883536.01	4091210.546	34622903.95	23292729.49
0	0	0	0
0	0	0	0
0	0	0	0
0	0	0	0
0	0	0	0
4358980.355	4277397.961	2671779.615	2293340.461
3390084.191	0	2490379.414	0
185983785.5	201105334.3	122985086.2	0
28730901.15	29556638.15	0	0
10710944.81	8610963.278	4497720.423	3797159.004
31349391.96	29767061.04	15775828.76	18109439.44
0	0	0	0
5979809.791	9359315.512	2970326.868	4073239.652
0	0	0	0
8415185.532	0	7446487.907	8335497.174
0	0	0	0
2909338.946	3685675.687	1398655.436	0
4840271.282	0	2794026.737	0
410173058.9	462226225.1	155517348	190025966.1
0	0	0	0
80636108.51	86977524.87	38945985.63	61306705.36
7180854.381	10960822.04	0	0
547357343.3	616154255.5	316625454	279803726.9
0	74002538.17	20352754.81	12686344.89
0	0	0	0
0	0	0	0
1161833.489	0	835059.1144	0
0	0	0	3000687.338
2607109.448	2563311.09	906498.725	615930.9607
31534923.6	55735047.28	45100842.28	11880632.35
40187090.74	31580627.99	16543930.14	0
57803242.91	68385802.6	28032223.17	25187108.6
0	0	0	0
0	0	0	0
0	0	0	0
5580215.154	20695951.2	2022718.492	3945318.466
0	0	0	0
191347053.3	255479592.3	83888416.66	97475943.18
23682569.38	33562860.77	6588362.569	15199327.94
12875740.57	19213984.53	1914110.192	7587062.777
0	0	0	0
12820392.89	0	0	0
0	0	0	0
2795837.231	2973021.656	1844293.331	1820566.672
0	0	0	0
0	0	2304999.614	0
7448861.865	5409587.751	4298740.437	0
0	0	0	0
6112566.261	6185532.403	0	0
0	0	0	0
0	0	0	0
9167446.211	14437302.98	4387991.654	9974797.617
0	0	0	0
0	0	0	0
0	0	0	0
19217337.08	9792442.789	2981261.108	0
31979264.11	37599377.74	13823506.68	21373911.72
0	0	0	0
4564858.123	0	0	0
0	0	0	0
0	0	0	0
51642500.78	51389036.72	40665327.25	34517718.04
3764031.805	0	2736303.222	0
226473339.6	241847136.4	167313190.6	155746907
36966791.39	13887910.92	34974113.28	15989766.31
8870439.663	17266139.93	2597635.422	0
14271905.21	5998034.961	10748782.94	12823048.72
0	0	0	0
0	0	0	0
44198628	32022761.7	22983540.68	28108293.88
178796382.9	127146190.7	131349973	135332976.9
0	0	0	0
5295603.368	5181725.14	4894907.658	0
40469285.94	43978384.57	31495634.03	29253474.87
0	0	0	0
0	0	0	0
4699641.409	6157694.355	2029789.043	2957919.658
64426255.07	60429852.21	39660768.1	41671758.06
0	0	0	3291393.004
0	0	0	0
4932023.698	4862324.477	2618035.7	2558996.487
11079669.47	4365087.813	0	0
0	0	0	0
0	0	0	0
0	0	0	0
0	0	0	0
0	0	0	0
3237215.466	3680435.584	0	0
0	20510091.29	0	0
0	0	0	0
0	0	0	0
21888836.92	26931673.97	13649640.68	16697724.15
0	0	0	0
127517929.5	170663609.9	100243412.4	113162517.2
979575927.7	864944528.6	624410787.4	645180998.9
25958840.04	0	0	0
0	0	3765899.08	6938292.348
2868334.892	4315879.969	6052082.528	0
31313532.9	27052851.35	12030368.6	9318008.248
0	0	0	0
4222248.207	12526302.86	2426126.265	6320452.115
0	0	0	0
6841050.826	7112785.033	4110965.15	4041545.746
142859370.1	140958775.1	164558380.3	151962731
18355940.13	17282515.25	9317672.514	13924698.34
15415497.35	36760961.23	14612085.62	24804490.61
120961958.2	210406517.4	118476161	153211394.5
16644839.41	24644860.2	21470133.68	21606460.97
2364437.169	3488189.299	1160613.554	3156980.296
0	0	0	0
0	3364883.121	4823429.41	0
0	4001310.026	2692450.352	7980754.544
0	0	1228034.928	887200.2444
6203383.224	9269251.238	6899775.906	9470368.108
54379482.38	63627133.91	62711536.98	59492897.51
55376520.11	153354894.2	34328104.47	61199786.16
0	0	0	0
0	0	13372227.8	12946387.66
28070626.75	20277561.71	0	0
0	0	0	0
7539834.737	9327383.633	2692720.81	3674087.368
0	0	0	0
23113501.71	22539812.5	13376864.23	12423247.29
70141877.14	67771728.01	48435205.93	44310371.16
0	0	0	0
0	0	0	0
567945.12	0	0	0
0	1836246.776	0	0
0	0	0	0
22500779.54	26675400.17	14189398.04	15961890.94
0	0	0	0
0	0	0	0
0	0	0	0
2620985.345	9067016.007	0	0
0	0	0	0
72009666.35	97826175.95	47137006.41	53520696.5
6650218.273	7821099.603	5659531.721	4082786.009
0	23014696.85	0	19405071.02
0	0	0	0
2401231.681	3438653.948	2916389.769	3461890.942
0	0	0	0
0	0	0	0
0	0	0	0
0	0	0	0
0	0	0	0
0	0	4641063.287	5156560.257
4796616.776	3949727.76	2172050.073	2078776.539
0	0	0	0
0	0	0	0
8560960.399	0	6769183.216	0
0	0	3325206.707	2032457.614
0	0	0	0
30866074.21	18267490.89	9236148.675	12289598.29
0	0	0	0
0	0	0	0
0	0	0	0
3070704.708	2277889.221	0	0
0	0	0	0
0	0	0	0
21349391.96	24919146.85	8563094.042	0
64860461.49	54104065.17	43060814.47	36551473.96
0	0	0	0
0	0	0	0
0	907929.7499	0	0
914795.7593	0	0	4970597.22
0	0	0	0
5798565.638	0	0	2777111.654
0	0	0	0
0	3819953.33	1960165.366	1754964.106
0	7650059.361	2512518.353	5956163.128
0	0	0	6530090.118
4356875.585	5357923.609	1997295.418	3438368.718
69401309.64	74247349.24	40823738.51	44860241.33
0	0	639749.6329	0
0	0	0	0
0	69157899.05	0	0
8628001.247	10327097.06	3329534.039	4698335.115
3611708.762	4315388.709	1305308.709	1508591.721
36500623.64	67244442.62	24673904.64	36735527.72
1322029.935	4743930.896	0	0
0	0	0	0
38872778.3	0	7752105.711	6416297.541
4739865.918	4375977.402	0	0
0	0	0	0
2020813.845	0	0	2159653.276
222029934.5	198247840.5	144258558.1	162521002
0	5635239.694	0	0
0	0	0	0
2027751.793	2895566.381	0	0
4917134.394	16977115.49	3690827.602	5705284.863
0	0	0	0
0	0	0	0
0	0	0	0
0	0	0	0
6912145.307	14799197.61	0	2398464.946
13304490.18	13223891.6	5319140.716	4870551.398
4833489.242	2747287.837	1652499.807	1448335.115
278352042.4	280992344.5	79182443.4	120952344.6
0	0	0	0
5351496.726	0	2247739.742	2675958.454
12657468.04	19117370.12	5948922.031	5024438.674
3141019.645	4491423.425	1967313.191	1033183.137
22031493.61	20246448.6	9552971.177	7959370.704
0	0	0	0
0	0	0	0
11276894.29	0	0	0
0	0	0	0
0	0	0	0
0	0	0	0
3106173.994	0	0	0
61997973.18	70088836.12	33945985.63	41431189.86
0	0	0	0
1120361.709	1505710.894	0	1044218.726
11574680.39	11135219.22	4956726.683	0
0	0	3244262.422	2523025.813
121913002.8	122593851.1	89888725.76	91755766
23972560.02	20600974.33	11594544.47	10261570.18
0	0	0	0
0	0	0	0
0	19334343.14	9956340.314	7466778.677
0	5616080.567	2623753.96	0
0	0	0	0
0	0	0	0
0	0	0	0
129209541.6	140991525.8	46874275.56	52863907.13
7289367.01	0	3556641.681	0
322201434.4	327825766.6	126814002	145421567.1
1696913.003	3234617.432	1903060.042	0
0	0	0	0
26342376.05	16223031.89	13528320.84	7983045.67
7401075.772	7898882.384	3298276.795	2973537.498
3564702.214	3406476.44	2325206.707	1962120.055
124142500.8	162058378	72019163.9	68340461.28
15994699.1	21319032.22	6398655.436	13532533.99
2209385.719	0	0	1043455.018
13815871.53	0	2905339.618	2509240.874
14208762.08	0	5627463.102	0
8522762.707	0	335754.5785	0
90910508.26	104114299.8	52870720.96	33447380.48
11923136.89	10047079.05	2323274.863	4692607.301
0	0	0	0
12134393.51	10964097.11	0	0
6485812.286	14259630.74	0	0
0	2291808.245	0	0
13065949.49	22978671.14	0	12319001.07
25210477.08	29144798.79	11814774.75	14932029.94
0	0	0	0
5806049.267	0	4777065.142	3984649.458
20269722.48	19579972.98	9460242.64	9850694.975
0	0	0	0
1880885.563	3335980.677	0	0
1573822.887	1694845.867	0	0
0	0	0	0
17356563.77	0	5270071.865	0
5465855.94	4938797.233	0	1739689.934
0	0	0	0
27207670.72	29355221.68	30296344.95	21781350.24
0	0	0	0
0	17933434.31	10484506.61	11160073.32
183169628.9	209726941.5	127335600	123487857
0	28908175.38	2096283.131	29070184.82
0	0	0	0
154240723.4	135947926.5	123375318.8	90766763.4
0	0	0	0
2091986.28	2456707.741	1009659.223	1034557.813
20806828.81	18761206.86	12635035.93	3612761.57
235804490.2	240897367.7	108913530.6	118825416.2
0	1652679.412	0	12572934.17
93677892.11	112744094.6	97809288.31	87070413.93
0	0	4833088.633	9172903.62
29637511.69	30126499.37	14337763.7	15277989.92
166565325.8	116264789	122741673.8	166709943.5
105215154.3	100626356.1	67398191.79	71399114.1
0	0	0	0
21909884.63	18001391.9	17412873.81	8000992.821
21057062.68	20957956.36	23998531.8	25174889.26
5869816.027	14176116.59	0	0
85601808.54	4915789.905	57700332.28	41881777.91
10764733.4	10819175.5	16830229.5	6682449.977
87059557.22	98350186.27	69782087.94	79784634.18
23574992.2	12883284.89	12312031.53	10339086.6
14186934.83	47724239.57	14118692.53	27550022.91
17100873.09	46043312.73	19399582.72	20244386.74
4884549.423	0	0	3715938.598
47400218.27	50516232.04	25343481.96	27160531.54
0	9320833.504	3331813.616	5340614.022
8628001.247	0	0	7644340.92
0	0	0	0
0	1619601.261	0	0
6828656.065	9347852.786	0	0
0	0	0	0
6587620.829	8029803.087	0	0
0	0	0	0
0	0	0	0
0	0	0	0
7840661.054	9600032.751	5949308.4	0
2822965.388	3443975.928	0	1808729.189
10431088.24	11348098.42	0	9274476.86
0	0	0	0
13452603.68	13163302.9	0	7012372.079
0	0	0	0
0	4870512.138	0	3525775.164
0	0	0	0
3322497.661	2026364.269	0	0
0	0	0	0
0	0	0	0
0	0	0	0
0	8330945.265	4433196.816	0
12920954.16	10639046.96	5351982.072	4612036.047
0	16900151.47	0	9891553.383
0	0	0	0
0	0	0	0
2854381.041	4781921.644	0	0
0	0	0	0
5286326.785	13019200.07	4386832.548	0
0	0	0	2800022.911
7364826.941	0	0	0
12849236.05	0	0	0
0	3372743.276	0	0
13277206.11	11949072.75	5942353.759	6273484.038
0	0	0	0
7279154.973	6800262.005	0	3951428.135
25308699.72	0	12009504.68	14102642.43
0	0	0	0
0	0	0	0
10931555.97	6202890.244	5190093.501	0
3767695.666	3768289.188	0	0
0	0	0	0
0	0	0	0
5500000	0	0	0
0	0	0	0
5826161.522	3053833.872	1219805.27	2059912.937
2395774.867	1888074.671	1312456.533	0
0	0	0	0
1844013.096	0	1200602.735	0
92789211.1	107872436.2	51727069.01	55235222.24
35153570.31	6860932.575	20049455.22	12850160.38
0	0	0	0
13455721.86	15515617.96	3602967.313	0
0	3615179.924	0	1815908.049
0	0	0	0
96959775.49	24427068.41	55235298.66	85336795.48
9919706.891	8136652.065	4128351.75	5660989.766
635913626.4	926270110.9	320821420.3	416068428.3
14641409.42	12471445.53	0	0
0	0	0	0
26954318.68	19062512.79	6778069.701	11981441.88
0	0	0	0
0	0	2570048.682	3192454.559
805971312.8	847832316.7	244154238.5	306583167.9
6703227.315	20158021.86	0	4896135.635
132125039	7753878.904	40553280.27	0
0	3160273.468	3162584.035	1471246.372
10066261.3	12612273.3	11413337.45	6450664.426
0	0	0	0
24962581.85	26767920.74	17760992.2	15263097.6
236700966.6	279182871.4	126489452.1	163227432.4
4708216.402	6043148.974	1586778.456	2671338.017
6183348.924	0	1728962.213	1535588.819
35353133.77	31664142.14	13498570.44	19450893.54
6191300.281	6483727.023	3395641.759	0
0	0	0	0
26957436.86	31068899.17	14581562.48	17286543.46
6093389.461	8817292.34	2552082.528	1755956.927
0	0	0	0
0	40306218.53	0	0
53483005.92	53776558.73	27563557.68	29067129.98
0	9244688.255	2818483.888	3481441.882
214694418.5	232414950.7	80944285.6	88907133.04
0	0	0	0
0	0	0	0
0	0	0	0
8631898.971	0	0	0
0	0	0	0
0	0	0	0
0	0	0	0
13934362.33	17714823.76	15970945.06	13770811.06
4082397.88	4251443.075	0	2682335.421
36305737.45	37968641.26	18075110.12	27832976.94
0	0	0	0
3175475.522	0	0	2509279.059
0	0	1245576.076	781923.0182
3210710.945	3011503.664	0	2834504.353
5978874.337	0	5283981.145	0
0	1931714.906	691754.8876	0
0	0	0	0
2586451.512	2634871.249	0	0
4892968.506	5927948.581	2697395.874	2156598.442
40717960.71	29436279.53	18211884.71	17676798.53
22654349.86	29859581.61	11690750.33	15448678.78
0	0	0	0
